475 0 0 1 475 0 0 0 0 0
540 0 0 1 540 0 0 0 0 0
526 0 0 1 526 0 0 0 0 0
492 0 0 1 492 0 0 0 0 0
511 0 0 1 511 0 0 0 0 0
536 0 0 1 536 0 0 0 0 0
467 0 0 1 467 0 0 0 0 0
534 0 0 1 534 0 0 0 0 0
472 0 0 1 472 0 0 0 0 0
516 0 0 1 516 0 0 0 0 0
523 0 0 1 523 1 0 0 1 1
508 0 0 1 508 0 0 0 0 0
506 0 0 1 506 0 0 0 0 0
474 0 0 1 474 0 0 0 0 0
406 0 0 1 406 0 0 0 0 0
401 0 0 1 401 0 0 0 0 0
511 0 0 1 511 0 0 0 0 0
548 0 0 1 548 0 0 0 0 0
502 0 0 1 502 0 0 0 0 0
486 0 0 1 486 0 0 0 0 0
461 0 0 1 461 0 0 0 0 0
513 0 0 1 513 0 0 0 0 0
533 0 0 1 533 0 0 0 0 0
458 0 0 1 458 0 0 0 0 0
517 0 0 1 517 0 0 0 0 0
509 0 0 1 509 0 0 0 0 0
435 0 0 1 435 0 0 0 0 0
512 0 0 1 512 0 0 0 0 0
486 0 0 1 486 0 0 0 0 0
552 0 0 1 552 0 0 0 0 0
526 0 0 1 526 0 0 0 0 0
506 0 0 1 506 0 0 0 0 0
490 0 0 1 490 0 0 0 0 0
450 0 0 1 450 0 0 0 0 0
429 0 0 1 429 0 0 0 0 0
528 0 0 1 528 0 0 0 0 0
410 0 0 1 410 0 0 0 0 0
464 0 0 1 464 0 0 0 0 0
514 0 0 1 514 0 0 0 0 0
492 0 0 1 492 0 0 0 0 0
551 0 0 1 551 0 0 0 0 0
468 0 0 1 468 0 0 0 0 0
405 0 0 1 405 0 0 0 0 0
495 0 0 1 495 0 0 0 0 0
480 0 0 1 480 0 0 0 0 0
455 0 0 1 455 0 0 0 0 0
506 0 0 1 506 0 0 0 0 0
519 0 0 1 519 0 0 0 0 0
513 0 0 1 513 0 0 0 0 0
516 0 0 1 516 0 0 0 0 0
458 0 0 1 458 0 0 0 0 0
491 0 0 1 491 0 0 0 0 0
482 0 0 1 482 0 0 0 0 0
487 0 0 1 487 0 0 0 0 0
507 0 0 1 507 0 0 0 0 0
512 0 0 1 512 0 0 0 0 0
503 0 0 1 503 0 0 0 0 0
523 0 0 1 523 0 0 0 0 0
516 0 0 1 516 0 0 0 0 0
500 0 0 1 500 0 0 0 0 0
479 0 0 1 479 0 0 0 0 0
499 0 0 1 499 0 0 0 0 0
547 0 0 1 547 0 0 0 0 0
453 0 0 1 453 1 0 0 1 1
516 0 0 1 516 0 0 0 0 0
491 0 0 1 491 0 0 0 0 0
472 0 0 1 472 0 0 0 0 0
436 0 0 1 436 0 0 0 0 0
525 0 0 1 525 0 0 0 0 0
478 0 0 1 478 0 0 0 0 0
482 0 0 1 482 0 0 0 0 0
459 0 0 1 459 0 0 0 0 0
473 0 0 1 473 0 0 0 0 0
459 0 0 1 459 0 0 0 0 0
535 0 0 1 535 0 0 0 0 0
521 0 0 1 521 0 0 0 0 0
513 0 0 1 513 0 0 0 0 0
504 0 0 1 504 0 0 0 0 0
449 0 0 1 449 0 0 0 0 0
523 0 0 1 523 0 0 0 0 0
476 0 0 1 476 0 0 0 0 0
457 0 0 1 457 0 0 0 0 0
515 0 0 1 515 0 0 0 0 0
512 0 0 1 512 0 0 0 0 0
472 0 0 1 472 0 0 0 0 0
529 0 0 1 529 0 0 0 0 0
465 0 0 1 465 0 0 0 0 0
501 0 0 1 501 0 0 0 0 0
482 0 0 1 482 0 0 0 0 0
542 0 0 1 542 0 0 0 0 0
493 0 0 1 493 0 0 0 0 0
497 0 0 1 497 0 0 0 0 0
476 0 0 1 476 0 0 0 0 0
547 0 0 1 547 1 0 0 1 1
510 0 0 1 510 0 0 0 0 0
504 0 0 1 504 0 0 0 0 0
520 0 0 1 520 0 0 0 0 0
446 0 0 1 446 0 0 0 0 0
524 0 0 1 524 0 0 0 0 0
456 0 0 1 456 0 0 0 0 0
