430 0 0 1 430 0 0 0 0 0
543 0 0 1 543 0 0 0 0 0
544 0 0 1 544 0 0 0 0 0
437 0 0 1 437 0 0 0 0 0
530 0 0 1 530 0 0 0 0 0
495 0 0 1 495 0 0 0 0 0
516 0 0 1 516 0 0 0 0 0
491 0 0 1 491 0 0 0 0 0
450 0 0 1 450 0 0 0 0 0
524 0 0 1 524 0 0 0 0 0
461 0 0 1 461 0 0 0 0 0
476 0 0 1 476 0 0 0 0 0
515 0 0 1 515 0 0 0 0 0
495 0 0 1 495 0 0 0 0 0
453 0 0 1 453 0 0 0 0 0
543 0 0 1 543 0 0 0 0 0
532 0 0 1 532 0 0 0 0 0
468 0 0 1 468 0 0 0 0 0
465 0 0 1 465 0 0 0 0 0
447 0 0 1 447 0 0 0 0 0
393 0 0 1 393 0 0 0 0 0
457 0 0 1 457 0 0 0 0 0
534 0 0 1 534 0 0 0 0 0
542 0 0 1 542 0 0 0 0 0
481 0 0 1 481 0 0 0 0 0
435 0 0 1 435 0 0 0 0 0
529 0 0 1 529 0 0 0 0 0
494 0 0 1 494 0 0 0 0 0
528 0 0 1 528 0 0 0 0 0
541 0 0 1 541 0 0 0 0 0
490 0 0 1 490 0 0 0 0 0
487 0 0 1 487 0 0 0 0 0
495 0 0 1 495 0 0 0 0 0
509 0 0 1 509 0 0 0 0 0
485 0 0 1 485 0 0 0 0 0
529 0 0 1 529 0 0 0 0 0
546 0 0 1 546 0 0 0 0 0
525 0 0 1 525 0 0 0 0 0
484 0 0 1 484 0 0 0 0 0
502 0 0 1 502 0 0 0 0 0
480 0 0 1 480 0 0 0 0 0
513 0 0 1 513 0 0 0 0 0
468 0 0 1 468 0 0 0 0 0
442 0 0 1 442 0 0 0 0 0
490 0 0 1 490 0 0 0 0 0
497 0 0 1 497 0 0 0 0 0
505 0 0 1 505 0 0 0 0 0
478 0 0 1 478 0 0 0 0 0
469 0 0 1 469 0 0 0 0 0
475 0 0 1 475 0 0 0 0 0
511 0 0 1 511 0 0 0 0 0
509 0 0 1 509 0 0 0 0 0
475 0 0 1 475 0 0 0 0 0
514 0 0 1 514 0 0 0 0 0
496 0 0 1 496 0 0 0 0 0
526 0 0 1 526 0 0 0 0 0
512 0 0 1 512 0 0 0 0 0
574 0 0 1 574 0 0 0 0 0
486 0 0 1 486 0 0 0 0 0
474 0 0 1 474 0 0 0 0 0
519 0 0 1 519 0 0 0 0 0
478 0 0 1 478 0 0 0 0 0
466 0 0 1 466 0 0 0 0 0
491 0 0 1 491 0 0 0 0 0
513 0 0 1 513 0 0 0 0 0
517 0 0 1 517 0 0 0 0 0
465 0 0 1 465 0 0 0 0 0
480 0 0 1 480 0 0 0 0 0
446 0 0 1 446 0 0 0 0 0
500 0 0 1 500 0 0 0 0 0
529 0 0 1 529 0 0 0 0 0
530 0 0 1 530 1 0 0 1 1
508 0 0 1 508 0 0 0 0 0
490 0 0 1 490 0 0 0 0 0
489 0 0 1 489 0 0 0 0 0
517 0 0 1 517 0 0 0 0 0
520 0 0 1 520 0 0 0 0 0
490 0 0 1 490 0 0 0 0 0
528 0 0 1 528 0 0 0 0 0
452 0 0 1 452 0 0 0 0 0
454 0 0 1 454 0 0 0 0 0
522 0 0 1 522 0 0 0 0 0
487 0 0 1 487 0 0 0 0 0
515 0 0 1 515 0 0 0 0 0
492 0 0 1 492 0 0 0 0 0
433 0 0 1 433 0 0 0 0 0
474 0 0 1 474 0 0 0 0 0
485 0 0 1 485 0 0 0 0 0
514 0 0 1 514 0 0 0 0 0
470 0 0 1 470 0 0 0 0 0
465 0 0 1 465 0 0 0 0 0
553 0 0 1 553 0 0 0 0 0
456 0 0 1 456 0 0 0 0 0
454 0 0 1 454 0 0 0 0 0
489 0 0 1 489 0 0 0 0 0
467 0 0 1 467 0 0 0 0 0
513 0 0 1 513 0 0 0 0 0
436 0 0 1 436 0 0 0 0 0
493 0 0 1 493 0 0 0 0 0
494 0 0 1 494 0 0 0 0 0
