488 0 0 1 488 0 0 0 0 0
521 0 0 1 521 0 0 0 0 0
472 0 0 1 472 0 0 0 0 0
416 0 0 1 416 0 0 0 0 0
494 0 0 1 494 0 0 0 0 0
457 0 0 1 457 0 0 0 0 0
474 0 0 1 474 0 0 0 0 0
485 0 0 1 485 0 0 0 0 0
486 0 0 1 486 0 0 0 0 0
455 0 0 1 455 0 0 0 0 0
426 0 0 1 426 0 0 0 0 0
418 0 0 1 418 0 0 0 0 0
459 0 0 1 459 0 0 0 0 0
423 0 0 1 423 0 0 0 0 0
441 0 0 1 441 0 0 0 0 0
508 0 0 1 508 0 0 0 0 0
453 0 0 1 453 0 0 0 0 0
520 0 0 1 520 0 0 0 0 0
431 0 0 1 431 0 0 0 0 0
475 0 0 1 475 0 0 0 0 0
458 0 0 1 458 0 0 0 0 0
543 0 0 1 543 0 0 0 0 0
516 0 0 1 516 0 0 0 0 0
507 0 0 1 507 0 0 0 0 0
485 0 0 1 485 1 0 0 1 1
470 0 0 1 470 0 0 0 0 0
507 0 0 1 507 0 0 0 0 0
445 0 0 1 445 0 0 0 0 0
482 0 0 1 482 1 0 0 1 1
416 0 0 1 416 0 0 0 0 0
472 0 0 1 472 0 0 0 0 0
435 0 0 1 435 0 0 0 0 0
439 0 0 1 439 0 0 0 0 0
491 0 0 1 491 0 0 0 0 0
497 0 0 1 497 3 0 0 1 3
423 0 0 1 423 0 0 0 0 0
482 0 0 1 482 0 0 0 0 0
431 0 0 1 431 0 0 0 0 0
473 0 0 1 473 0 0 0 0 0
475 0 0 1 475 0 0 0 0 0
482 0 0 1 482 0 0 0 0 0
463 0 0 1 463 0 0 0 0 0
457 0 0 1 457 0 0 0 0 0
486 0 0 1 486 0 0 0 0 0
534 0 0 1 534 0 0 0 0 0
488 0 0 1 488 0 0 0 0 0
448 0 0 1 448 0 0 0 0 0
443 0 0 1 443 0 0 0 0 0
434 0 0 1 434 0 0 0 0 0
534 0 0 1 534 0 0 0 0 0
463 0 0 1 463 0 0 0 0 0
434 0 0 1 434 0 0 0 0 0
503 0 0 1 503 0 0 0 0 0
467 0 0 1 467 0 0 0 0 0
456 0 0 1 456 1 0 0 1 1
502 0 0 1 502 0 0 0 0 0
451 0 0 1 451 0 0 0 0 0
439 0 0 1 439 0 0 0 0 0
506 0 0 1 506 0 0 0 0 0
564 0 0 1 564 1 0 0 1 1
426 0 0 1 426 0 0 0 0 0
493 0 0 1 493 0 0 0 0 0
470 0 0 1 470 0 0 0 0 0
509 0 0 1 509 0 0 0 0 0
452 0 0 1 452 0 0 0 0 0
429 0 0 1 429 3 0 0 1 3
485 0 0 1 485 0 0 0 0 0
496 0 0 1 496 0 0 0 0 0
547 0 0 1 547 0 0 0 0 0
432 0 0 1 432 0 0 0 0 0
386 0 0 1 386 1 0 0 1 1
484 0 0 1 484 0 0 0 0 0
479 0 0 1 479 0 0 0 0 0
463 0 0 1 463 1 0 0 1 1
391 0 0 1 391 0 0 0 0 0
474 0 0 1 474 0 0 0 0 0
501 0 0 1 501 0 0 0 0 0
472 0 0 1 472 0 0 0 0 0
451 0 0 1 451 0 0 0 0 0
485 0 0 1 485 0 0 0 0 0
485 0 0 1 485 0 0 0 0 0
536 0 0 1 536 1 0 0 1 1
438 0 0 1 438 0 0 0 0 0
439 0 0 1 439 0 0 0 0 0
403 0 0 1 403 0 0 0 0 0
380 0 0 1 380 0 0 0 0 0
504 0 0 1 504 0 0 0 0 0
463 0 0 1 463 0 0 0 0 0
480 0 0 1 480 1 0 0 1 1
515 0 0 1 515 0 0 0 0 0
450 0 0 1 450 0 0 0 0 0
529 0 0 1 529 0 0 0 0 0
524 0 0 1 524 0 0 0 0 0
545 0 0 1 545 0 0 0 0 0
595 0 0 1 595 0 0 0 0 0
433 0 0 1 433 0 0 0 0 0
456 0 0 1 456 0 0 0 0 0
448 0 0 1 448 0 0 0 0 0
476 0 0 1 476 0 0 0 0 0
465 0 0 1 465 0 0 0 0 0
497 0 0 1 497 0 0 0 0 0
485 0 0 1 485 0 0 0 0 0
522 0 0 1 522 0 0 0 0 0
461 0 0 1 461 0 0 0 0 0
514 0 0 1 514 0 0 0 0 0
523 0 0 1 523 0 0 0 0 0
554 0 0 1 554 1 0 0 1 1
452 0 0 1 452 0 0 0 0 0
514 0 0 1 514 0 0 0 0 0
458 0 0 1 458 0 0 0 0 0
493 0 0 1 493 0 0 0 0 0
443 0 0 1 443 0 0 0 0 0
475 0 0 1 475 0 0 0 0 0
432 0 0 1 432 0 0 0 0 0
516 0 0 1 516 0 0 0 0 0
501 0 0 1 501 0 0 0 0 0
535 0 0 1 535 0 0 0 0 0
525 0 0 1 525 0 0 0 0 0
497 0 0 1 497 0 0 0 0 0
432 0 0 1 432 0 0 0 0 0
431 0 0 1 431 0 0 0 0 0
467 0 0 1 467 0 0 0 0 0
465 0 0 1 465 0 0 0 0 0
454 0 0 1 454 0 0 0 0 0
434 0 0 1 434 0 0 0 0 0
502 0 0 1 502 0 0 0 0 0
499 0 0 1 499 0 0 0 0 0
393 0 0 1 393 0 0 0 0 0
489 0 0 1 489 0 0 0 0 0
481 0 0 1 481 1 0 0 1 1
454 0 0 1 454 0 0 0 0 0
489 0 0 1 489 0 0 0 0 0
449 0 0 1 449 0 0 0 0 0
501 0 0 1 501 0 0 0 0 0
471 0 0 1 471 0 0 0 0 0
516 0 0 1 516 0 0 0 0 0
465 0 0 1 465 0 0 0 0 0
532 0 0 1 532 0 0 0 0 0
532 0 0 1 532 0 0 0 0 0
407 0 0 1 407 0 0 0 0 0
475 0 0 1 475 0 0 0 0 0
523 0 0 1 523 0 0 0 0 0
466 0 0 1 466 0 0 0 0 0
504 0 0 1 504 0 0 0 0 0
429 0 0 1 429 1 0 0 1 1
456 0 0 1 456 0 0 0 0 0
520 0 0 1 520 0 0 0 0 0
497 0 0 1 497 0 0 0 0 0
442 0 0 1 442 0 0 0 0 0
398 0 0 1 398 0 0 0 0 0
479 0 0 1 479 0 0 0 0 0
475 0 0 1 475 0 0 0 0 0
418 0 0 1 418 0 0 0 0 0
552 0 0 1 552 0 0 0 0 0
464 0 0 1 464 0 0 0 0 0
382 0 0 1 382 0 0 0 0 0
485 0 0 1 485 0 0 0 0 0
377 0 0 1 377 0 0 0 0 0
458 0 0 1 458 1 0 0 1 1
521 0 0 1 521 0 0 0 0 0
488 0 0 1 488 0 0 0 0 0
436 0 0 1 436 0 0 0 0 0
527 0 0 1 527 0 0 0 0 0
544 0 0 1 544 0 0 0 0 0
456 0 0 1 456 0 0 0 0 0
536 0 0 1 536 0 0 0 0 0
395 0 0 1 395 0 0 0 0 0
479 0 0 1 479 0 0 0 0 0
477 0 0 1 477 0 0 0 0 0
439 0 0 1 439 0 0 0 0 0
465 0 0 1 465 0 0 0 0 0
424 0 0 1 424 0 0 0 0 0
459 0 0 1 459 0 0 0 0 0
493 0 0 1 493 1 0 0 1 1
458 0 0 1 458 0 0 0 0 0
461 0 0 1 461 0 0 0 0 0
426 0 0 1 426 0 0 0 0 0
450 0 0 1 450 1 0 0 1 1
409 0 0 1 409 0 0 0 0 0
486 0 0 1 486 0 0 0 0 0
465 0 0 1 465 0 0 0 0 0
431 0 0 1 431 0 0 0 0 0
457 0 0 1 457 0 0 0 0 0
411 0 0 1 411 0 0 0 0 0
456 0 0 1 456 0 0 0 0 0
443 0 0 1 443 0 0 0 0 0
462 0 0 1 462 1 0 0 1 1
467 0 0 1 467 0 0 0 0 0
472 0 0 1 472 0 0 0 0 0
446 0 0 1 446 1 0 0 1 1
445 0 0 1 445 0 0 0 0 0
474 0 0 1 474 1 0 0 1 1
517 0 0 1 517 0 0 0 0 0
459 0 0 1 459 1 0 0 1 1
509 0 0 1 509 0 0 0 0 0
409 0 0 1 409 0 0 0 0 0
463 0 0 1 463 0 0 0 0 0
417 0 0 1 417 2 0 0 1 2
442 0 0 1 442 0 0 0 0 0
470 0 0 1 470 0 0 0 0 0
529 0 0 1 529 1 0 0 1 1
373 0 0 1 373 0 0 0 0 0
501 0 0 1 501 0 0 0 0 0
535 0 0 1 535 1 0 0 1 1
422 0 0 1 422 0 0 0 0 0
520 0 0 1 520 0 0 0 0 0
493 0 0 1 493 0 0 0 0 0
434 0 0 1 434 0 0 0 0 0
447 0 0 1 447 0 0 0 0 0
452 0 0 1 452 0 0 0 0 0
502 0 0 1 502 0 0 0 0 0
456 0 0 1 456 0 0 0 0 0
509 0 0 1 509 0 0 0 0 0
501 0 0 1 501 0 0 0 0 0
477 0 0 1 477 1 0 0 1 1
508 0 0 1 508 0 0 0 0 0
416 0 0 1 416 0 0 0 0 0
435 0 0 1 435 0 0 0 0 0
486 0 0 1 486 0 0 0 0 0
491 0 0 1 491 0 0 0 0 0
466 0 0 1 466 0 0 0 0 0
490 0 0 1 490 0 0 0 0 0
518 0 0 1 518 0 0 0 0 0
527 0 0 1 527 0 0 0 0 0
486 0 0 1 486 0 0 0 0 0
489 0 0 1 489 0 0 0 0 0
507 0 0 1 507 0 0 0 0 0
507 0 0 1 507 0 0 0 0 0
577 0 0 1 577 2 0 0 1 2
485 0 0 1 485 0 0 0 0 0
511 0 0 1 511 0 0 0 0 0
483 0 0 1 483 0 0 0 0 0
480 0 0 1 480 0 0 0 0 0
529 0 0 1 529 0 0 0 0 0
476 0 0 1 476 0 0 0 0 0
451 0 0 1 451 0 0 0 0 0
414 0 0 1 414 0 0 0 0 0
479 0 0 1 479 0 0 0 0 0
477 0 0 1 477 0 0 0 0 0
543 0 0 1 543 0 0 0 0 0
403 0 0 1 403 0 0 0 0 0
383 0 0 1 383 0 0 0 0 0
532 0 0 1 532 0 0 0 0 0
517 0 0 1 517 0 0 0 0 0
454 0 0 1 454 0 0 0 0 0
416 0 0 1 416 0 0 0 0 0
471 0 0 1 471 0 0 0 0 0
457 0 0 1 457 0 0 0 0 0
496 0 0 1 496 0 0 0 0 0
574 0 0 1 574 0 0 0 0 0
479 0 0 1 479 0 0 0 0 0
449 0 0 1 449 0 0 0 0 0
376 0 0 1 376 0 0 0 0 0
455 0 0 1 455 0 0 0 0 0
488 0 0 1 488 0 0 0 0 0
451 0 0 1 451 1 0 0 1 1
426 0 0 1 426 1 0 0 1 1
435 0 0 1 435 0 0 0 0 0
442 0 0 1 442 0 0 0 0 0
447 0 0 1 447 0 0 0 0 0
409 0 0 1 409 0 0 0 0 0
483 0 0 1 483 0 0 0 0 0
429 0 0 1 429 0 0 0 0 0
440 0 0 1 440 0 0 0 0 0
507 0 0 1 507 0 0 0 0 0
468 0 0 1 468 0 0 0 0 0
464 0 0 1 464 0 0 0 0 0
497 0 0 1 497 0 0 0 0 0
448 0 0 1 448 1 0 0 1 1
454 0 0 1 454 0 0 0 0 0
501 0 0 1 501 0 0 0 0 0
538 0 0 1 538 0 0 0 0 0
525 0 0 1 525 0 0 0 0 0
435 0 0 1 435 0 0 0 0 0
497 0 0 1 497 0 0 0 0 0
418 0 0 1 418 4 0 0 1 4
424 0 0 1 424 0 0 0 0 0
444 0 0 1 444 0 0 0 0 0
558 0 0 1 558 0 0 0 0 0
481 0 0 1 481 0 0 0 0 0
509 0 0 1 509 1 0 0 1 1
480 0 0 1 480 0 0 0 0 0
524 0 0 1 524 1 0 0 1 1
477 0 0 1 477 1 0 0 1 1
521 0 0 1 521 0 0 0 0 0
485 0 0 1 485 1 0 0 1 1
514 0 0 1 514 0 0 0 0 0
424 0 0 1 424 8 0 0 1 8
516 0 0 1 516 0 0 0 0 0
525 0 0 1 525 0 0 0 0 0
519 0 0 1 519 0 0 0 0 0
495 0 0 1 495 1 0 0 1 1
441 0 0 1 441 0 0 0 0 0
487 0 0 1 487 0 0 0 0 0
413 0 0 1 413 0 0 0 0 0
403 0 0 1 403 0 0 0 0 0
540 0 0 1 540 0 0 0 0 0
434 0 0 1 434 0 0 0 0 0
466 0 0 1 466 0 0 0 0 0
458 0 0 1 458 0 0 0 0 0
470 0 0 1 470 0 0 0 0 0
424 0 0 1 424 1 0 0 1 1
437 0 0 1 437 0 0 0 0 0
441 0 0 1 441 0 0 0 0 0
500 0 0 1 500 0 0 0 0 0
476 0 0 1 476 0 0 0 0 0
449 0 0 1 449 1 0 0 1 1
545 0 0 1 545 0 0 0 0 0
426 0 0 1 426 0 0 0 0 0
552 0 0 1 552 0 0 0 0 0
486 0 0 1 486 0 0 0 0 0
473 0 0 1 473 0 0 0 0 0
447 0 0 1 447 0 0 0 0 0
463 0 0 1 463 0 0 0 0 0
457 0 0 1 457 0 0 0 0 0
547 0 0 1 547 0 0 0 0 0
462 0 0 1 462 0 0 0 0 0
472 0 0 1 472 1 0 0 1 1
502 0 0 1 502 0 0 0 0 0
461 0 0 1 461 0 0 0 0 0
405 0 0 1 405 0 0 0 0 0
528 0 0 1 528 0 0 0 0 0
509 0 0 1 509 0 0 0 0 0
514 0 0 1 514 1 0 0 1 1
489 0 0 1 489 0 0 0 0 0
485 0 0 1 485 0 0 0 0 0
457 0 0 1 457 1 0 0 1 1
445 0 0 1 445 0 0 0 0 0
494 0 0 1 494 0 0 0 0 0
493 0 0 1 493 3 0 0 1 3
420 0 0 1 420 0 0 0 0 0
460 0 0 1 460 0 0 0 0 0
438 0 0 1 438 0 0 0 0 0
436 0 0 1 436 0 0 0 0 0
485 0 0 1 485 0 0 0 0 0
404 0 0 1 404 1 0 0 1 1
493 0 0 1 493 0 0 0 0 0
470 0 0 1 470 0 0 0 0 0
472 0 0 1 472 0 0 0 0 0
426 0 0 1 426 0 0 0 0 0
546 0 0 1 546 1 0 0 1 1
459 0 0 1 459 1 0 0 1 1
448 0 0 1 448 0 0 0 0 0
461 0 0 1 461 0 0 0 0 0
516 0 0 1 516 0 0 0 0 0
476 0 0 1 476 0 0 0 0 0
525 0 0 1 525 1 0 0 1 1
540 0 0 1 540 0 0 0 0 0
413 0 0 1 413 0 0 0 0 0
471 0 0 1 471 0 0 0 0 0
451 0 0 1 451 0 0 0 0 0
456 0 0 1 456 0 0 0 0 0
441 0 0 1 441 1 0 0 1 1
449 0 0 1 449 0 0 0 0 0
460 0 0 1 460 0 0 0 0 0
504 0 0 1 504 0 0 0 0 0
457 0 0 1 457 0 0 0 0 0
431 0 0 1 431 0 0 0 0 0
447 0 0 1 447 1 0 0 1 1
527 0 0 1 527 0 0 0 0 0
522 0 0 1 522 0 0 0 0 0
516 0 0 1 516 0 0 0 0 0
412 0 0 1 412 0 0 0 0 0
476 0 0 1 476 0 0 0 0 0
396 0 0 1 396 0 0 0 0 0
512 0 0 1 512 0 0 0 0 0
391 0 0 1 391 0 0 0 0 0
503 0 0 1 503 0 0 0 0 0
461 0 0 1 461 1 0 0 1 1
453 0 0 1 453 0 0 0 0 0
423 0 0 1 423 0 0 0 0 0
351 0 0 1 351 1 0 0 1 1
493 0 0 1 493 0 0 0 0 0
473 0 0 1 473 0 0 0 0 0
487 0 0 1 487 0 0 0 0 0
456 0 0 1 456 0 0 0 0 0
506 0 0 1 506 1 0 0 1 1
492 0 0 1 492 0 0 0 0 0
489 0 0 1 489 0 0 0 0 0
436 0 0 1 436 0 0 0 0 0
500 0 0 1 500 0 0 0 0 0
455 0 0 1 455 0 0 0 0 0
441 0 0 1 441 0 0 0 0 0
415 0 0 1 415 1 0 0 1 1
521 0 0 1 521 0 0 0 0 0
462 0 0 1 462 0 0 0 0 0
491 0 0 1 491 0 0 0 0 0
438 0 0 1 438 0 0 0 0 0
498 0 0 1 498 0 0 0 0 0
452 0 0 1 452 0 0 0 0 0
458 0 0 1 458 0 0 0 0 0
479 0 0 1 479 0 0 0 0 0
438 0 0 1 438 0 0 0 0 0
535 0 0 1 535 0 0 0 0 0
397 0 0 1 397 0 0 0 0 0
486 0 0 1 486 0 0 0 0 0
461 0 0 1 461 0 0 0 0 0
494 0 0 1 494 1 0 0 1 1
419 0 0 1 419 0 0 0 0 0
464 0 0 1 464 0 0 0 0 0
478 0 0 1 478 1 0 0 1 1
445 0 0 1 445 0 0 0 0 0
416 0 0 1 416 0 0 0 0 0
444 0 0 1 444 0 0 0 0 0
481 0 0 1 481 0 0 0 0 0
513 0 0 1 513 0 0 0 0 0
470 0 0 1 470 0 0 0 0 0
469 0 0 1 469 1 0 0 1 1
499 0 0 1 499 0 0 0 0 0
456 0 0 1 456 0 0 0 0 0
472 0 0 1 472 0 0 0 0 0
465 0 0 1 465 1 0 0 1 1
451 0 0 1 451 0 0 0 0 0
478 0 0 1 478 0 0 0 0 0
485 0 0 1 485 0 0 0 0 0
483 0 0 1 483 0 0 0 0 0
484 0 0 1 484 0 0 0 0 0
483 0 0 1 483 0 0 0 0 0
468 0 0 1 468 0 0 0 0 0
466 0 0 1 466 0 0 0 0 0
542 0 0 1 542 0 0 0 0 0
472 0 0 1 472 0 0 0 0 0
540 0 0 1 540 0 0 0 0 0
518 0 0 1 518 0 0 0 0 0
491 0 0 1 491 0 0 0 0 0
543 0 0 1 543 0 0 0 0 0
431 0 0 1 431 0 0 0 0 0
485 0 0 1 485 0 0 0 0 0
492 0 0 1 492 0 0 0 0 0
535 0 0 1 535 0 0 0 0 0
584 0 0 1 584 0 0 0 0 0
531 0 0 1 531 0 0 0 0 0
438 0 0 1 438 0 0 0 0 0
485 0 0 1 485 1 0 0 1 1
494 0 0 1 494 0 0 0 0 0
536 0 0 1 536 0 0 0 0 0
524 0 0 1 524 0 0 0 0 0
479 0 0 1 479 0 0 0 0 0
461 0 0 1 461 1 0 0 1 1
578 0 0 1 578 0 0 0 0 0
484 0 0 1 484 0 0 0 0 0
468 0 0 1 468 0 0 0 0 0
455 0 0 1 455 0 0 0 0 0
470 0 0 1 470 0 0 0 0 0
408 0 0 1 408 0 0 0 0 0
415 0 0 1 415 1 0 0 1 1
503 0 0 1 503 0 0 0 0 0
429 0 0 1 429 0 0 0 0 0
443 0 0 1 443 0 0 0 0 0
386 0 0 1 386 1 0 0 1 1
542 0 0 1 542 0 0 0 0 0
423 0 0 1 423 1 0 0 1 1
502 0 0 1 502 0 0 0 0 0
456 0 0 1 456 0 0 0 0 0
476 0 0 1 476 0 0 0 0 0
469 0 0 1 469 0 0 0 0 0
450 0 0 1 450 0 0 0 0 0
473 0 0 1 473 1 0 0 1 1
493 0 0 1 493 0 0 0 0 0
421 0 0 1 421 0 0 0 0 0
492 0 0 1 492 0 0 0 0 0
534 0 0 1 534 0 0 0 0 0
482 0 0 1 482 0 0 0 0 0
520 0 0 1 520 0 0 0 0 0
489 0 0 1 489 0 0 0 0 0
497 0 0 1 497 0 0 0 0 0
477 0 0 1 477 1 0 0 1 1
561 0 0 1 561 0 0 0 0 0
422 0 0 1 422 0 0 0 0 0
480 0 0 1 480 0 0 0 0 0
447 0 0 1 447 0 0 0 0 0
462 0 0 1 462 0 0 0 0 0
515 0 0 1 515 0 0 0 0 0
461 0 0 1 461 0 0 0 0 0
459 0 0 1 459 0 0 0 0 0
500 0 0 1 500 0 0 0 0 0
493 0 0 1 493 0 0 0 0 0
439 0 0 1 439 0 0 0 0 0
470 0 0 1 470 0 0 0 0 0
470 0 0 1 470 0 0 0 0 0
471 0 0 1 471 0 0 0 0 0
433 0 0 1 433 0 0 0 0 0
486 0 0 1 486 0 0 0 0 0
476 0 0 1 476 0 0 0 0 0
429 0 0 1 429 1 0 0 1 1
427 0 0 1 427 0 0 0 0 0
505 0 0 1 505 1 0 0 1 1
410 0 0 1 410 2 0 0 1 2
520 0 0 1 520 0 0 0 0 0
447 0 0 1 447 0 0 0 0 0
513 0 0 1 513 0 0 0 0 0
464 0 0 1 464 0 0 0 0 0
488 0 0 1 488 1 0 0 1 1
485 0 0 1 485 1 0 0 1 1
513 0 0 1 513 0 0 0 0 0
473 0 0 1 473 1 0 0 1 1
461 0 0 1 461 0 0 0 0 0
512 0 0 1 512 0 0 0 0 0
483 0 0 1 483 0 0 0 0 0
498 0 0 1 498 0 0 0 0 0
472 0 0 1 472 0 0 0 0 0
538 0 0 1 538 0 0 0 0 0
412 0 0 1 412 1 0 0 1 1
469 0 0 1 469 0 0 0 0 0
490 0 0 1 490 0 0 0 0 0
470 0 0 1 470 0 0 0 0 0
508 0 0 1 508 0 0 0 0 0
442 0 0 1 442 0 0 0 0 0
416 0 0 1 416 0 0 0 0 0
452 0 0 1 452 0 0 0 0 0
529 0 0 1 529 0 0 0 0 0
455 0 0 1 455 0 0 0 0 0
489 0 0 1 489 0 0 0 0 0
445 0 0 1 445 0 0 0 0 0
450 0 0 1 450 0 0 0 0 0
400 0 0 1 400 0 0 0 0 0
435 0 0 1 435 0 0 0 0 0
531 0 0 1 531 0 0 0 0 0
522 0 0 1 522 0 0 0 0 0
451 0 0 1 451 0 0 0 0 0
534 0 0 1 534 0 0 0 0 0
425 0 0 1 425 0 0 0 0 0
466 0 0 1 466 0 0 0 0 0
469 0 0 1 469 1 0 0 1 1
445 0 0 1 445 0 0 0 0 0
570 0 0 1 570 0 0 0 0 0
495 0 0 1 495 0 0 0 0 0
469 0 0 1 469 0 0 0 0 0
520 0 0 1 520 0 0 0 0 0
506 0 0 1 506 0 0 0 0 0
463 0 0 1 463 0 0 0 0 0
488 0 0 1 488 0 0 0 0 0
422 0 0 1 422 0 0 0 0 0
446 0 0 1 446 1 0 0 1 1
474 0 0 1 474 0 0 0 0 0
456 0 0 1 456 0 0 0 0 0
491 0 0 1 491 0 0 0 0 0
465 0 0 1 465 0 0 0 0 0
467 0 0 1 467 1 0 0 1 1
464 0 0 1 464 0 0 0 0 0
449 0 0 1 449 0 0 0 0 0
419 0 0 1 419 0 0 0 0 0
436 0 0 1 436 0 0 0 0 0
460 0 0 1 460 0 0 0 0 0
458 0 0 1 458 1 0 0 1 1
449 0 0 1 449 0 0 0 0 0
464 0 0 1 464 0 0 0 0 0
487 0 0 1 487 0 0 0 0 0
552 0 0 1 552 0 0 0 0 0
494 0 0 1 494 0 0 0 0 0
513 0 0 1 513 0 0 0 0 0
421 0 0 1 421 0 0 0 0 0
499 0 0 1 499 0 0 0 0 0
471 0 0 1 471 0 0 0 0 0
415 0 0 1 415 0 0 0 0 0
440 0 0 1 440 0 0 0 0 0
534 0 0 1 534 0 0 0 0 0
495 0 0 1 495 0 0 0 0 0
439 0 0 1 439 0 0 0 0 0
486 0 0 1 486 1 0 0 1 1
498 0 0 1 498 0 0 0 0 0
438 0 0 1 438 0 0 0 0 0
473 0 0 1 473 1 0 0 1 1
518 0 0 1 518 1 0 0 1 1
473 0 0 1 473 0 0 0 0 0
511 0 0 1 511 0 0 0 0 0
502 0 0 1 502 0 0 0 0 0
501 0 0 1 501 0 0 0 0 0
496 0 0 1 496 0 0 0 0 0
494 0 0 1 494 0 0 0 0 0
480 0 0 1 480 0 0 0 0 0
563 0 0 1 563 0 0 0 0 0
474 0 0 1 474 0 0 0 0 0
471 0 0 1 471 0 0 0 0 0
459 0 0 1 459 0 0 0 0 0
491 0 0 1 491 0 0 0 0 0
510 0 0 1 510 0 0 0 0 0
580 0 0 1 580 1 0 0 1 1
485 0 0 1 485 0 0 0 0 0
519 0 0 1 519 0 0 0 0 0
483 0 0 1 483 0 0 0 0 0
457 0 0 1 457 0 0 0 0 0
534 0 0 1 534 0 0 0 0 0
442 0 0 1 442 0 0 0 0 0
488 0 0 1 488 0 0 0 0 0
489 0 0 1 489 0 0 0 0 0
477 0 0 1 477 0 0 0 0 0
536 0 0 1 536 0 0 0 0 0
467 0 0 1 467 0 0 0 0 0
497 0 0 1 497 0 0 0 0 0
500 0 0 1 500 0 0 0 0 0
506 0 0 1 506 0 0 0 0 0
505 0 0 1 505 0 0 0 0 0
479 0 0 1 479 0 0 0 0 0
428 0 0 1 428 0 0 0 0 0
534 0 0 1 534 1 0 0 1 1
481 0 0 1 481 2 0 0 1 2
491 0 0 1 491 0 0 0 0 0
593 0 0 1 593 0 0 0 0 0
410 0 0 1 410 0 0 0 0 0
470 0 0 1 470 0 0 0 0 0
472 0 0 1 472 0 0 0 0 0
440 0 0 1 440 1 0 0 1 1
526 0 0 1 526 0 0 0 0 0
440 0 0 1 440 0 0 0 0 0
453 0 0 1 453 2 0 0 1 2
464 0 0 1 464 0 0 0 0 0
477 0 0 1 477 0 0 0 0 0
451 0 0 1 451 0 0 0 0 0
519 0 0 1 519 0 0 0 0 0
456 0 0 1 456 2 0 0 1 2
509 0 0 1 509 0 0 0 0 0
457 0 0 1 457 0 0 0 0 0
499 0 0 1 499 0 0 0 0 0
521 0 0 1 521 0 0 0 0 0
498 0 0 1 498 0 0 0 0 0
479 0 0 1 479 0 0 0 0 0
405 0 0 1 405 1 0 0 1 1
543 0 0 1 543 0 0 0 0 0
409 0 0 1 409 1 0 0 1 1
471 0 0 1 471 0 0 0 0 0
464 0 0 1 464 0 0 0 0 0
541 0 0 1 541 0 0 0 0 0
429 0 0 1 429 0 0 0 0 0
444 0 0 1 444 0 0 0 0 0
440 0 0 1 440 0 0 0 0 0
520 0 0 1 520 0 0 0 0 0
505 0 0 1 505 0 0 0 0 0
460 0 0 1 460 1 0 0 1 1
504 0 0 1 504 0 0 0 0 0
518 0 0 1 518 0 0 0 0 0
469 0 0 1 469 1 0 0 1 1
446 0 0 1 446 0 0 0 0 0
434 0 0 1 434 0 0 0 0 0
515 0 0 1 515 0 0 0 0 0
507 0 0 1 507 1 0 0 1 1
529 0 0 1 529 0 0 0 0 0
583 0 0 1 583 0 0 0 0 0
453 0 0 1 453 0 0 0 0 0
527 0 0 1 527 0 0 0 0 0
425 0 0 1 425 0 0 0 0 0
564 0 0 1 564 0 0 0 0 0
381 0 0 1 381 2 0 0 1 2
546 0 0 1 546 0 0 0 0 0
526 0 0 1 526 0 0 0 0 0
486 0 0 1 486 0 0 0 0 0
488 0 0 1 488 0 0 0 0 0
463 0 0 1 463 0 0 0 0 0
504 0 0 1 504 0 0 0 0 0
473 0 0 1 473 0 0 0 0 0
495 0 0 1 495 0 0 0 0 0
466 0 0 1 466 0 0 0 0 0
492 0 0 1 492 1 0 0 1 1
497 0 0 1 497 1 0 0 1 1
506 0 0 1 506 0 0 0 0 0
529 0 0 1 529 1 0 0 1 1
405 0 0 1 405 0 0 0 0 0
458 0 0 1 458 0 0 0 0 0
411 0 0 1 411 0 0 0 0 0
459 0 0 1 459 0 0 0 0 0
478 0 0 1 478 0 0 0 0 0
444 0 0 1 444 0 0 0 0 0
480 0 0 1 480 0 0 0 0 0
469 0 0 1 469 0 0 0 0 0
476 0 0 1 476 0 0 0 0 0
476 0 0 1 476 1 0 0 1 1
393 0 0 1 393 1 0 0 1 1
455 0 0 1 455 0 0 0 0 0
545 0 0 1 545 0 0 0 0 0
472 0 0 1 472 0 0 0 0 0
477 0 0 1 477 0 0 0 0 0
472 0 0 1 472 0 0 0 0 0
465 0 0 1 465 0 0 0 0 0
479 0 0 1 479 0 0 0 0 0
472 0 0 1 472 0 0 0 0 0
556 0 0 1 556 0 0 0 0 0
514 0 0 1 514 1 0 0 1 1
455 0 0 1 455 0 0 0 0 0
458 0 0 1 458 0 0 0 0 0
486 0 0 1 486 1 0 0 1 1
429 0 0 1 429 0 0 0 0 0
461 0 0 1 461 0 0 0 0 0
431 0 0 1 431 0 0 0 0 0
426 0 0 1 426 1 0 0 1 1
523 0 0 1 523 0 0 0 0 0
415 0 0 1 415 0 0 0 0 0
461 0 0 1 461 0 0 0 0 0
450 0 0 1 450 0 0 0 0 0
441 0 0 1 441 1 0 0 1 1
420 0 0 1 420 1 0 0 1 1
478 0 0 1 478 0 0 0 0 0
339 0 0 1 339 0 0 0 0 0
512 0 0 1 512 0 0 0 0 0
400 0 0 1 400 0 0 0 0 0
473 0 0 1 473 0 0 0 0 0
545 0 0 1 545 0 0 0 0 0
550 0 0 1 550 0 0 0 0 0
502 0 0 1 502 0 0 0 0 0
470 0 0 1 470 0 0 0 0 0
486 0 0 1 486 0 0 0 0 0
461 0 0 1 461 0 0 0 0 0
492 0 0 1 492 1 0 0 1 1
460 0 0 1 460 1 0 0 1 1
497 0 0 1 497 0 0 0 0 0
467 0 0 1 467 0 0 0 0 0
453 0 0 1 453 0 0 0 0 0
394 0 0 1 394 0 0 0 0 0
400 0 0 1 400 0 0 0 0 0
523 0 0 1 523 1 0 0 1 1
479 0 0 1 479 0 0 0 0 0
495 0 0 1 495 0 0 0 0 0
497 0 0 1 497 0 0 0 0 0
447 0 0 1 447 0 0 0 0 0
423 0 0 1 423 0 0 0 0 0
508 0 0 1 508 0 0 0 0 0
480 0 0 1 480 0 0 0 0 0
439 0 0 1 439 1 0 0 1 1
440 0 0 1 440 0 0 0 0 0
567 0 0 1 567 0 0 0 0 0
491 0 0 1 491 1 0 0 1 1
437 0 0 1 437 1 0 0 1 1
490 0 0 1 490 0 0 0 0 0
472 0 0 1 472 0 0 0 0 0
462 0 0 1 462 0 0 0 0 0
527 0 0 1 527 0 0 0 0 0
482 0 0 1 482 0 0 0 0 0
513 0 0 1 513 0 0 0 0 0
518 0 0 1 518 0 0 0 0 0
488 0 0 1 488 0 0 0 0 0
490 0 0 1 490 0 0 0 0 0
553 0 0 1 553 0 0 0 0 0
481 0 0 1 481 0 0 0 0 0
459 0 0 1 459 1 0 0 1 1
483 0 0 1 483 0 0 0 0 0
501 0 0 1 501 0 0 0 0 0
503 0 0 1 503 0 0 0 0 0
537 0 0 1 537 0 0 0 0 0
505 0 0 1 505 0 0 0 0 0
495 0 0 1 495 0 0 0 0 0
493 0 0 1 493 0 0 0 0 0
427 0 0 1 427 0 0 0 0 0
430 0 0 1 430 0 0 0 0 0
473 0 0 1 473 0 0 0 0 0
491 0 0 1 491 0 0 0 0 0
480 0 0 1 480 0 0 0 0 0
495 0 0 1 495 0 0 0 0 0
474 0 0 1 474 1 0 0 1 1
482 0 0 1 482 0 0 0 0 0
464 0 0 1 464 1 0 0 1 1
434 0 0 1 434 0 0 0 0 0
509 0 0 1 509 0 0 0 0 0
473 0 0 1 473 0 0 0 0 0
441 0 0 1 441 1 0 0 1 1
494 0 0 1 494 0 0 0 0 0
508 0 0 1 508 0 0 0 0 0
460 0 0 1 460 0 0 0 0 0
473 0 0 1 473 0 0 0 0 0
460 0 0 1 460 0 0 0 0 0
488 0 0 1 488 0 0 0 0 0
479 0 0 1 479 1 0 0 1 1
491 0 0 1 491 0 0 0 0 0
492 0 0 1 492 0 0 0 0 0
462 0 0 1 462 0 0 0 0 0
542 0 0 1 542 0 0 0 0 0
481 0 0 1 481 0 0 0 0 0
489 0 0 1 489 0 0 0 0 0
531 0 0 1 531 0 0 0 0 0
482 0 0 1 482 0 0 0 0 0
489 0 0 1 489 0 0 0 0 0
458 0 0 1 458 0 0 0 0 0
433 0 0 1 433 0 0 0 0 0
492 0 0 1 492 0 0 0 0 0
507 0 0 1 507 0 0 0 0 0
487 0 0 1 487 0 0 0 0 0
486 0 0 1 486 0 0 0 0 0
485 0 0 1 485 1 0 0 1 1
457 0 0 1 457 0 0 0 0 0
521 0 0 1 521 0 0 0 0 0
486 0 0 1 486 0 0 0 0 0
552 0 0 1 552 0 0 0 0 0
440 0 0 1 440 0 0 0 0 0
462 0 0 1 462 0 0 0 0 0
524 0 0 1 524 0 0 0 0 0
472 0 0 1 472 0 0 0 0 0
467 0 0 1 467 0 0 0 0 0
492 0 0 1 492 1 0 0 1 1
457 0 0 1 457 0 0 0 0 0
531 0 0 1 531 0 0 0 0 0
517 0 0 1 517 0 0 0 0 0
525 0 0 1 525 0 0 0 0 0
458 0 0 1 458 0 0 0 0 0
485 0 0 1 485 0 0 0 0 0
472 0 0 1 472 1 0 0 1 1
466 0 0 1 466 0 0 0 0 0
487 0 0 1 487 0 0 0 0 0
420 0 0 1 420 0 0 0 0 0
455 0 0 1 455 0 0 0 0 0
505 0 0 1 505 0 0 0 0 0
465 0 0 1 465 0 0 0 0 0
484 0 0 1 484 1 0 0 1 1
500 0 0 1 500 0 0 0 0 0
437 0 0 1 437 0 0 0 0 0
461 0 0 1 461 3 0 0 1 3
496 0 0 1 496 0 0 0 0 0
463 0 0 1 463 0 0 0 0 0
526 0 0 1 526 0 0 0 0 0
452 0 0 1 452 0 0 0 0 0
503 0 0 1 503 0 0 0 0 0
477 0 0 1 477 0 0 0 0 0
479 0 0 1 479 0 0 0 0 0
537 0 0 1 537 1 0 0 1 1
466 0 0 1 466 1 0 0 1 1
528 0 0 1 528 0 0 0 0 0
451 0 0 1 451 0 0 0 0 0
507 0 0 1 507 0 0 0 0 0
393 0 0 1 393 1 0 0 1 1
547 0 0 1 547 0 0 0 0 0
491 0 0 1 491 1 0 0 1 1
519 0 0 1 519 0 0 0 0 0
516 0 0 1 516 0 0 0 0 0
488 0 0 1 488 1 0 0 1 1
461 0 0 1 461 1 0 0 1 1
484 0 0 1 484 0 0 0 0 0
481 0 0 1 481 0 0 0 0 0
502 0 0 1 502 0 0 0 0 0
476 0 0 1 476 0 0 0 0 0
403 0 0 1 403 2 0 0 1 2
428 0 0 1 428 3 0 0 1 3
436 0 0 1 436 1 0 0 1 1
475 0 0 1 475 0 0 0 0 0
479 0 0 1 479 1 0 0 1 1
478 0 0 1 478 0 0 0 0 0
523 0 0 1 523 1 0 0 1 1
488 0 0 1 488 0 0 0 0 0
494 0 0 1 494 0 0 0 0 0
451 0 0 1 451 0 0 0 0 0
505 0 0 1 505 0 0 0 0 0
444 0 0 1 444 0 0 0 0 0
467 0 0 1 467 0 0 0 0 0
459 0 0 1 459 0 0 0 0 0
501 0 0 1 501 2 0 0 1 2
517 0 0 1 517 0 0 0 0 0
467 0 0 1 467 0 0 0 0 0
493 0 0 1 493 0 0 0 0 0
389 0 0 1 389 0 0 0 0 0
455 0 0 1 455 0 0 0 0 0
505 0 0 1 505 0 0 0 0 0
517 0 0 1 517 0 0 0 0 0
499 0 0 1 499 0 0 0 0 0
503 0 0 1 503 0 0 0 0 0
498 0 0 1 498 1 0 0 1 1
462 0 0 1 462 0 0 0 0 0
358 0 0 1 358 1 0 0 1 1
494 0 0 1 494 0 0 0 0 0
520 0 0 1 520 0 0 0 0 0
469 0 0 1 469 0 0 0 0 0
516 0 0 1 516 0 0 0 0 0
522 0 0 1 522 0 0 0 0 0
446 0 0 1 446 0 0 0 0 0
480 0 0 1 480 1 0 0 1 1
431 0 0 1 431 1 0 0 1 1
497 0 0 1 497 0 0 0 0 0
515 0 0 1 515 0 0 0 0 0
485 0 0 1 485 0 0 0 0 0
473 0 0 1 473 0 0 0 0 0
397 0 0 1 397 0 0 0 0 0
496 0 0 1 496 1 0 0 1 1
465 0 0 1 465 1 0 0 1 1
491 0 0 1 491 0 0 0 0 0
405 0 0 1 405 0 0 0 0 0
482 0 0 1 482 0 0 0 0 0
479 0 0 1 479 0 0 0 0 0
416 0 0 1 416 0 0 0 0 0
461 0 0 1 461 0 0 0 0 0
454 0 0 1 454 0 0 0 0 0
465 0 0 1 465 0 0 0 0 0
383 0 0 1 383 0 0 0 0 0
573 0 0 1 573 1 0 0 1 1
468 0 0 1 468 0 0 0 0 0
480 0 0 1 480 0 0 0 0 0
418 0 0 1 418 1 0 0 1 1
506 0 0 1 506 1 0 0 1 1
495 0 0 1 495 0 0 0 0 0
455 0 0 1 455 1 0 0 1 1
476 0 0 1 476 0 0 0 0 0
488 0 0 1 488 1 0 0 1 1
547 0 0 1 547 0 0 0 0 0
477 0 0 1 477 0 0 0 0 0
503 0 0 1 503 0 0 0 0 0
494 0 0 1 494 0 0 0 0 0
411 0 0 1 411 0 0 0 0 0
474 0 0 1 474 0 0 0 0 0
477 0 0 1 477 0 0 0 0 0
433 0 0 1 433 0 0 0 0 0
470 0 0 1 470 0 0 0 0 0
490 0 0 1 490 0 0 0 0 0
551 0 0 1 551 1 0 0 1 1
439 0 0 1 439 0 0 0 0 0
470 0 0 1 470 0 0 0 0 0
499 0 0 1 499 0 0 0 0 0
536 0 0 1 536 0 0 0 0 0
458 0 0 1 458 0 0 0 0 0
469 0 0 1 469 1 0 0 1 1
460 0 0 1 460 0 0 0 0 0
474 0 0 1 474 0 0 0 0 0
443 0 0 1 443 0 0 0 0 0
434 0 0 1 434 0 0 0 0 0
458 0 0 1 458 0 0 0 0 0
461 0 0 1 461 0 0 0 0 0
485 0 0 1 485 0 0 0 0 0
481 0 0 1 481 0 0 0 0 0
491 0 0 1 491 0 0 0 0 0
434 0 0 1 434 0 0 0 0 0
488 0 0 1 488 0 0 0 0 0
490 0 0 1 490 0 0 0 0 0
479 0 0 1 479 0 0 0 0 0
477 0 0 1 477 0 0 0 0 0
459 0 0 1 459 0 0 0 0 0
561 0 0 1 561 0 0 0 0 0
489 0 0 1 489 0 0 0 0 0
432 0 0 1 432 0 0 0 0 0
433 0 0 1 433 0 0 0 0 0
453 0 0 1 453 1 0 0 1 1
449 0 0 1 449 0 0 0 0 0
434 0 0 1 434 1 0 0 1 1
452 0 0 1 452 0 0 0 0 0
444 0 0 1 444 0 0 0 0 0
463 0 0 1 463 0 0 0 0 0
461 0 0 1 461 1 0 0 1 1
452 0 0 1 452 0 0 0 0 0
496 0 0 1 496 0 0 0 0 0
526 0 0 1 526 0 0 0 0 0
472 0 0 1 472 0 0 0 0 0
461 0 0 1 461 0 0 0 0 0
471 0 0 1 471 0 0 0 0 0
457 0 0 1 457 0 0 0 0 0
509 0 0 1 509 0 0 0 0 0
507 0 0 1 507 0 0 0 0 0
453 0 0 1 453 0 0 0 0 0
446 0 0 1 446 0 0 0 0 0
480 0 0 1 480 0 0 0 0 0
485 0 0 1 485 0 0 0 0 0
478 0 0 1 478 0 0 0 0 0
446 0 0 1 446 0 0 0 0 0
469 0 0 1 469 0 0 0 0 0
442 0 0 1 442 1 0 0 1 1
532 0 0 1 532 0 0 0 0 0
452 0 0 1 452 0 0 0 0 0
511 0 0 1 511 1 0 0 1 1
499 0 0 1 499 2 0 0 1 2
455 0 0 1 455 0 0 0 0 0
535 0 0 1 535 0 0 0 0 0
484 0 0 1 484 1 0 0 1 1
496 0 0 1 496 0 0 0 0 0
500 0 0 1 500 1 0 0 1 1
390 0 0 1 390 1 0 0 1 1
483 0 0 1 483 0 0 0 0 0
426 0 0 1 426 0 0 0 0 0
448 0 0 1 448 1 0 0 1 1
459 0 0 1 459 0 0 0 0 0
494 0 0 1 494 0 0 0 0 0
481 0 0 1 481 0 0 0 0 0
417 0 0 1 417 1 1 0 2 2
500 0 0 1 500 0 0 0 0 0
460 0 0 1 460 0 0 0 0 0
489 0 0 1 489 0 0 0 0 0
458 0 0 1 458 1 0 0 1 1
493 0 0 1 493 0 0 0 0 0
431 0 0 1 431 0 0 0 0 0
487 0 0 1 487 0 0 0 0 0
436 0 0 1 436 0 0 0 0 0
429 0 0 1 429 0 0 0 0 0
450 0 0 1 450 0 0 0 0 0
481 0 0 1 481 0 0 0 0 0
476 0 0 1 476 1 0 0 1 1
440 0 0 1 440 0 0 0 0 0
541 0 0 1 541 0 0 0 0 0
437 0 0 1 437 1 0 0 1 1
523 0 0 1 523 0 0 0 0 0
407 0 0 1 407 1 0 0 1 1
506 0 0 1 506 0 0 0 0 0
469 0 0 1 469 1 0 0 1 1
473 0 0 1 473 0 0 0 0 0
419 0 0 1 419 0 0 0 0 0
449 0 0 1 449 0 0 0 0 0
478 0 0 1 478 1 0 0 1 1
437 0 0 1 437 0 0 0 0 0
493 0 0 1 493 0 0 0 0 0
436 0 0 1 436 1 0 0 1 1
462 0 0 1 462 0 0 0 0 0
498 0 0 1 498 0 0 0 0 0
425 0 0 1 425 1 0 0 1 1
535 0 0 1 535 1 0 0 1 1
490 0 0 1 490 2 0 0 1 2
515 0 0 1 515 0 0 0 0 0
426 0 0 1 426 0 0 0 0 0
466 0 0 1 466 0 0 0 0 0
458 0 0 1 458 0 0 0 0 0
494 0 0 1 494 0 0 0 0 0
492 0 0 1 492 0 0 0 0 0
