530 0 0 1 530 0 0 0 0 0
411 0 0 1 411 0 0 0 0 0
509 0 0 1 509 0 0 0 0 0
440 0 0 1 440 0 0 0 0 0
514 0 0 1 514 0 0 0 0 0
400 0 0 1 400 0 0 0 0 0
494 0 0 1 494 0 0 0 0 0
531 0 0 1 531 0 0 0 0 0
449 0 0 1 449 0 0 0 0 0
552 0 0 1 552 0 0 0 0 0
517 0 0 1 517 0 0 0 0 0
508 0 0 1 508 0 0 0 0 0
496 0 0 1 496 0 0 0 0 0
505 0 0 1 505 0 0 0 0 0
549 0 0 1 549 0 0 0 0 0
485 0 0 1 485 0 0 0 0 0
460 0 0 1 460 0 0 0 0 0
481 0 0 1 481 0 0 0 0 0
507 0 0 1 507 0 0 0 0 0
549 0 0 1 549 0 0 0 0 0
545 0 0 1 545 0 0 0 0 0
480 0 0 1 480 0 0 0 0 0
480 0 0 1 480 0 0 0 0 0
513 0 0 1 513 0 0 0 0 0
432 0 0 1 432 0 0 0 0 0
420 0 0 1 420 0 0 0 0 0
426 0 0 1 426 0 0 0 0 0
543 0 0 1 543 0 0 0 0 0
464 0 0 1 464 0 0 0 0 0
513 0 0 1 513 0 0 0 0 0
493 0 0 1 493 0 0 0 0 0
531 0 0 1 531 0 0 0 0 0
529 0 0 1 529 0 0 0 0 0
545 0 0 1 545 0 0 0 0 0
400 0 0 1 400 0 0 0 0 0
525 0 0 1 525 0 0 0 0 0
480 0 0 1 480 0 0 0 0 0
485 0 0 1 485 0 0 0 0 0
522 0 0 1 522 0 0 0 0 0
528 0 0 1 528 0 0 0 0 0
548 0 0 1 548 0 0 0 0 0
477 0 0 1 477 0 0 0 0 0
492 0 0 1 492 0 0 0 0 0
419 0 0 1 419 0 0 0 0 0
542 0 0 1 542 0 0 0 0 0
470 0 0 1 470 0 0 0 0 0
449 0 0 1 449 0 0 0 0 0
519 0 0 1 519 0 0 0 0 0
501 0 0 1 501 0 0 0 0 0
523 0 0 1 523 0 0 0 0 0
455 0 0 1 455 0 0 0 0 0
489 0 0 1 489 0 0 0 0 0
481 0 0 1 481 0 0 0 0 0
472 0 0 1 472 0 0 0 0 0
498 0 0 1 498 0 0 0 0 0
513 0 0 1 513 0 0 0 0 0
508 0 0 1 508 0 0 0 0 0
527 0 0 1 527 0 0 0 0 0
459 0 0 1 459 0 0 0 0 0
603 0 0 1 603 0 0 0 0 0
449 0 0 1 449 0 0 0 0 0
457 0 0 1 457 0 0 0 0 0
380 0 0 1 380 0 0 0 0 0
466 0 0 1 466 0 0 0 0 0
552 0 0 1 552 0 0 0 0 0
480 0 0 1 480 0 0 0 0 0
558 0 0 1 558 0 0 0 0 0
513 0 0 1 513 0 0 0 0 0
418 0 0 1 418 0 0 0 0 0
495 0 0 1 495 0 0 0 0 0
502 0 0 1 502 0 0 0 0 0
395 0 0 1 395 0 0 0 0 0
555 0 0 1 555 0 0 0 0 0
419 0 0 1 419 0 0 0 0 0
511 0 0 1 511 0 0 0 0 0
581 0 0 1 581 0 0 0 0 0
525 0 0 1 525 0 0 0 0 0
441 0 0 1 441 0 0 0 0 0
554 0 0 1 554 0 0 0 0 0
395 0 0 1 395 0 0 0 0 0
539 0 0 1 539 0 0 0 0 0
383 0 0 1 383 0 0 0 0 0
501 0 0 1 501 0 0 0 0 0
443 0 0 1 443 0 0 0 0 0
431 0 0 1 431 0 0 0 0 0
531 0 0 1 531 0 0 0 0 0
459 0 0 1 459 0 0 0 0 0
521 0 0 1 521 0 0 0 0 0
578 0 0 1 578 0 0 0 0 0
502 0 0 1 502 0 0 0 0 0
540 0 0 1 540 0 0 0 0 0
431 0 0 1 431 0 0 0 0 0
487 0 0 1 487 0 0 0 0 0
524 0 0 1 524 0 0 0 0 0
397 0 0 1 397 0 0 0 0 0
555 0 0 1 555 0 0 0 0 0
524 0 0 1 524 0 0 0 0 0
551 0 0 1 551 0 0 0 0 0
359 0 0 1 359 0 0 0 0 0
465 0 0 1 465 0 0 0 0 0
484 0 0 1 484 0 0 0 0 0
448 0 0 1 448 0 0 0 0 0
572 0 0 1 572 0 0 0 0 0
388 0 0 1 388 0 0 0 0 0
391 0 0 1 391 0 0 0 0 0
575 0 0 1 575 0 0 0 0 0
475 0 0 1 475 0 0 0 0 0
507 0 0 1 507 0 0 0 0 0
545 0 0 1 545 0 0 0 0 0
567 0 0 1 567 0 0 0 0 0
483 0 0 1 483 0 0 0 0 0
471 0 0 1 471 0 0 0 0 0
424 0 0 1 424 0 0 0 0 0
499 0 0 1 499 0 0 0 0 0
499 0 0 1 499 0 0 0 0 0
524 0 0 1 524 0 0 0 0 0
463 0 0 1 463 0 0 0 0 0
513 0 0 1 513 0 0 0 0 0
450 0 0 1 450 0 0 0 0 0
506 0 0 1 506 0 0 0 0 0
524 0 0 1 524 0 0 0 0 0
580 0 0 1 580 0 0 0 0 0
496 0 0 1 496 0 0 0 0 0
521 0 0 1 521 0 0 0 0 0
508 0 0 1 508 0 0 0 0 0
556 0 0 1 556 0 0 0 0 0
449 0 0 1 449 0 0 0 0 0
523 0 0 1 523 0 0 0 0 0
500 0 0 1 500 0 0 0 0 0
521 0 0 1 521 0 0 0 0 0
526 0 0 1 526 0 0 0 0 0
488 0 0 1 488 0 0 0 0 0
568 0 0 1 568 0 0 0 0 0
525 0 0 1 525 0 0 0 0 0
522 0 0 1 522 0 0 0 0 0
528 0 0 1 528 0 0 0 0 0
551 0 0 1 551 0 0 0 0 0
491 0 0 1 491 0 0 0 0 0
529 0 0 1 529 0 0 0 0 0
526 0 0 1 526 0 0 0 0 0
553 0 0 1 553 0 0 0 0 0
477 0 0 1 477 0 0 0 0 0
440 0 0 1 440 0 0 0 0 0
577 0 0 1 577 0 0 0 0 0
472 0 0 1 472 0 0 0 0 0
543 0 0 1 543 0 0 0 0 0
575 0 0 1 575 0 0 0 0 0
502 0 0 1 502 0 0 0 0 0
508 0 0 1 508 0 0 0 0 0
517 0 0 1 517 0 0 0 0 0
396 0 0 1 396 0 0 0 0 0
530 0 0 1 530 0 0 0 0 0
437 0 0 1 437 0 0 0 0 0
423 0 0 1 423 0 0 0 0 0
414 0 0 1 414 0 0 0 0 0
562 0 0 1 562 0 0 0 0 0
579 0 0 1 579 0 0 0 0 0
519 0 0 1 519 0 0 0 0 0
590 0 0 1 590 0 0 0 0 0
511 0 0 1 511 0 0 0 0 0
542 0 0 1 542 0 0 0 0 0
450 0 0 1 450 0 0 0 0 0
413 0 0 1 413 0 0 0 0 0
522 0 0 1 522 0 0 0 0 0
439 0 0 1 439 0 0 0 0 0
580 0 0 1 580 0 0 0 0 0
458 0 0 1 458 0 0 0 0 0
496 0 0 1 496 0 0 0 0 0
372 0 0 1 372 0 0 0 0 0
430 0 0 1 430 0 0 0 0 0
410 0 0 1 410 0 0 0 0 0
518 0 0 1 518 0 0 0 0 0
501 0 0 1 501 0 0 0 0 0
489 0 0 1 489 0 0 0 0 0
390 0 0 1 390 0 0 0 0 0
476 0 0 1 476 0 0 0 0 0
468 0 0 1 468 0 0 0 0 0
465 0 0 1 465 0 0 0 0 0
496 0 0 1 496 0 0 0 0 0
349 0 0 1 349 0 0 0 0 0
459 0 0 1 459 0 0 0 0 0
457 0 0 1 457 0 0 0 0 0
598 0 0 1 598 0 0 0 0 0
534 0 0 1 534 0 0 0 0 0
444 0 0 1 444 0 0 0 0 0
504 0 0 1 504 0 0 0 0 0
534 0 0 1 534 0 0 0 0 0
553 0 0 1 553 0 0 0 0 0
446 0 0 1 446 0 0 0 0 0
491 0 0 1 491 0 0 0 0 0
425 0 0 1 425 0 0 0 0 0
472 0 0 1 472 0 0 0 0 0
502 0 0 1 502 0 0 0 0 0
409 0 0 1 409 0 0 0 0 0
498 0 0 1 498 0 0 0 0 0
538 0 0 1 538 0 0 0 0 0
510 0 0 1 510 0 0 0 0 0
595 0 0 1 595 0 0 0 0 0
482 0 0 1 482 0 0 0 0 0
509 0 0 1 509 0 0 0 0 0
504 0 0 1 504 0 0 0 0 0
435 0 0 1 435 0 0 0 0 0
459 0 0 1 459 0 0 0 0 0
503 0 0 1 503 0 0 0 0 0
387 0 0 1 387 0 0 0 0 0
483 0 0 1 483 0 0 0 0 0
526 0 0 1 526 0 0 0 0 0
384 0 0 1 384 0 0 0 0 0
551 0 0 1 551 0 0 0 0 0
504 0 0 1 504 0 0 0 0 0
562 0 0 1 562 0 0 0 0 0
514 0 0 1 514 0 0 0 0 0
483 0 0 1 483 0 0 0 0 0
485 0 0 1 485 0 0 0 0 0
437 0 0 1 437 0 0 0 0 0
470 0 0 1 470 0 0 0 0 0
578 0 0 1 578 0 0 0 0 0
531 0 0 1 531 0 0 0 0 0
503 0 0 1 503 0 0 0 0 0
426 0 0 1 426 0 0 0 0 0
474 0 0 1 474 0 0 0 0 0
479 0 0 1 479 0 0 0 0 0
453 0 0 1 453 0 0 0 0 0
475 0 0 1 475 0 0 0 0 0
544 0 0 1 544 0 0 0 0 0
492 0 0 1 492 0 0 0 0 0
472 0 0 1 472 0 0 0 0 0
527 0 0 1 527 0 0 0 0 0
503 0 0 1 503 0 0 0 0 0
475 0 0 1 475 0 0 0 0 0
495 0 0 1 495 0 0 0 0 0
389 0 0 1 389 0 0 0 0 0
502 0 0 1 502 0 0 0 0 0
523 0 0 1 523 0 0 0 0 0
571 0 0 1 571 0 0 0 0 0
495 0 0 1 495 0 0 0 0 0
463 0 0 1 463 0 0 0 0 0
465 0 0 1 465 0 0 0 0 0
396 0 0 1 396 0 0 0 0 0
507 0 0 1 507 0 0 0 0 0
494 0 0 1 494 0 0 0 0 0
418 0 0 1 418 0 0 0 0 0
544 0 0 1 544 0 0 0 0 0
339 0 0 1 339 0 0 0 0 0
510 0 0 1 510 0 0 0 0 0
495 0 0 1 495 0 0 0 0 0
341 0 0 1 341 0 0 0 0 0
527 0 0 1 527 0 0 0 0 0
482 0 0 1 482 0 0 0 0 0
479 0 0 1 479 0 0 0 0 0
485 0 0 1 485 0 0 0 0 0
482 0 0 1 482 0 0 0 0 0
415 0 0 1 415 0 0 0 0 0
480 0 0 1 480 0 0 0 0 0
404 0 0 1 404 0 0 0 0 0
499 0 0 1 499 0 0 0 0 0
465 0 0 1 465 0 0 0 0 0
528 0 0 1 528 0 0 0 0 0
509 0 0 1 509 0 0 0 0 0
504 0 0 1 504 0 0 0 0 0
537 0 0 1 537 0 0 0 0 0
431 0 0 1 431 0 0 0 0 0
427 0 0 1 427 0 0 0 0 0
489 0 0 1 489 0 0 0 0 0
461 0 0 1 461 0 0 0 0 0
508 0 0 1 508 0 0 0 0 0
554 0 0 1 554 0 0 0 0 0
372 0 0 1 372 0 0 0 0 0
427 0 0 1 427 0 0 0 0 0
415 0 0 1 415 0 0 0 0 0
560 0 0 1 560 0 0 0 0 0
422 0 0 1 422 0 0 0 0 0
528 0 0 1 528 0 0 0 0 0
416 0 0 1 416 0 0 0 0 0
474 0 0 1 474 0 0 0 0 0
477 0 0 1 477 0 0 0 0 0
499 0 0 1 499 0 0 0 0 0
458 0 0 1 458 0 0 0 0 0
538 0 0 1 538 0 0 0 0 0
413 0 0 1 413 0 0 0 0 0
455 0 0 1 455 0 0 0 0 0
486 0 0 1 486 0 0 0 0 0
534 0 0 1 534 0 0 0 0 0
505 0 0 1 505 0 0 0 0 0
406 0 0 1 406 0 0 0 0 0
462 0 0 1 462 0 0 0 0 0
474 0 0 1 474 0 0 0 0 0
525 0 0 1 525 0 0 0 0 0
523 0 0 1 523 0 0 0 0 0
457 0 0 1 457 0 0 0 0 0
497 0 0 1 497 0 0 0 0 0
533 0 0 1 533 0 0 0 0 0
438 0 0 1 438 0 0 0 0 0
391 0 0 1 391 0 0 0 0 0
562 0 0 1 562 0 0 0 0 0
451 0 0 1 451 0 0 0 0 0
463 0 0 1 463 0 0 0 0 0
459 0 0 1 459 0 0 0 0 0
484 0 0 1 484 0 0 0 0 0
480 0 0 1 480 0 0 0 0 0
513 0 0 1 513 0 0 0 0 0
488 0 0 1 488 0 0 0 0 0
418 0 0 1 418 0 0 0 0 0
536 0 0 1 536 0 0 0 0 0
516 0 0 1 516 0 0 0 0 0
530 0 0 1 530 0 0 0 0 0
482 0 0 1 482 0 0 0 0 0
461 0 0 1 461 0 0 0 0 0
452 0 0 1 452 0 0 0 0 0
536 0 0 1 536 0 0 0 0 0
507 0 0 1 507 0 0 0 0 0
483 0 0 1 483 0 0 0 0 0
404 0 0 1 404 0 0 0 0 0
507 0 0 1 507 0 0 0 0 0
539 0 0 1 539 0 0 0 0 0
527 0 0 1 527 0 0 0 0 0
436 0 0 1 436 0 0 0 0 0
488 0 0 1 488 0 0 0 0 0
490 0 0 1 490 0 0 0 0 0
523 0 0 1 523 0 0 0 0 0
418 0 0 1 418 0 0 0 0 0
436 0 0 1 436 0 0 0 0 0
390 0 0 1 390 0 0 0 0 0
442 0 0 1 442 0 0 0 0 0
507 0 0 1 507 0 0 0 0 0
504 0 0 1 504 0 0 0 0 0
507 0 0 1 507 0 0 0 0 0
498 0 0 1 498 0 0 0 0 0
511 0 0 1 511 0 0 0 0 0
430 0 0 1 430 0 0 0 0 0
524 0 0 1 524 0 0 0 0 0
485 0 0 1 485 0 0 0 0 0
492 0 0 1 492 0 0 0 0 0
405 0 0 1 405 0 0 0 0 0
443 0 0 1 443 0 0 0 0 0
435 0 0 1 435 0 0 0 0 0
606 0 0 1 606 0 0 0 0 0
476 0 0 1 476 0 0 0 0 0
426 0 0 1 426 0 0 0 0 0
462 0 0 1 462 0 0 0 0 0
522 0 0 1 522 0 0 0 0 0
417 0 0 1 417 0 0 0 0 0
525 0 0 1 525 0 0 0 0 0
463 0 0 1 463 0 0 0 0 0
520 0 0 1 520 0 0 0 0 0
429 0 0 1 429 0 0 0 0 0
424 0 0 1 424 0 0 0 0 0
441 0 0 1 441 0 0 0 0 0
557 0 0 1 557 0 0 0 0 0
515 0 0 1 515 0 0 0 0 0
544 0 0 1 544 0 0 0 0 0
562 0 0 1 562 0 0 0 0 0
461 0 0 1 461 0 0 0 0 0
389 0 0 1 389 0 0 0 0 0
502 0 0 1 502 0 0 0 0 0
507 0 0 1 507 0 0 0 0 0
498 0 0 1 498 0 0 0 0 0
380 0 0 1 380 0 0 0 0 0
511 0 0 1 511 0 0 0 0 0
456 0 0 1 456 0 0 0 0 0
429 0 0 1 429 0 0 0 0 0
520 0 0 1 520 0 0 0 0 0
522 0 0 1 522 0 0 0 0 0
479 0 0 1 479 0 0 0 0 0
499 0 0 1 499 0 0 0 0 0
536 0 0 1 536 0 0 0 0 0
466 0 0 1 466 0 0 0 0 0
526 0 0 1 526 0 0 0 0 0
434 0 0 1 434 0 0 0 0 0
485 0 0 1 485 0 0 0 0 0
457 0 0 1 457 0 0 0 0 0
491 0 0 1 491 0 0 0 0 0
442 0 0 1 442 0 0 0 0 0
539 0 0 1 539 0 0 0 0 0
500 0 0 1 500 0 0 0 0 0
457 0 0 1 457 0 0 0 0 0
490 0 0 1 490 0 0 0 0 0
432 0 0 1 432 0 0 0 0 0
476 0 0 1 476 0 0 0 0 0
433 0 0 1 433 0 0 0 0 0
514 0 0 1 514 0 0 0 0 0
506 0 0 1 506 0 0 0 0 0
454 0 0 1 454 0 0 0 0 0
539 0 0 1 539 0 0 0 0 0
495 0 0 1 495 0 0 0 0 0
529 0 0 1 529 0 0 0 0 0
509 0 0 1 509 0 0 0 0 0
542 0 0 1 542 0 0 0 0 0
464 0 0 1 464 0 0 0 0 0
380 0 0 1 380 0 0 0 0 0
364 0 0 1 364 0 0 0 0 0
511 0 0 1 511 0 0 0 0 0
502 0 0 1 502 0 0 0 0 0
482 0 0 1 482 0 0 0 0 0
505 0 0 1 505 0 0 0 0 0
424 0 0 1 424 0 0 0 0 0
474 0 0 1 474 0 0 0 0 0
484 0 0 1 484 0 0 0 0 0
498 0 0 1 498 0 0 0 0 0
472 0 0 1 472 0 0 0 0 0
439 0 0 1 439 0 0 0 0 0
503 0 0 1 503 0 0 0 0 0
557 0 0 1 557 0 0 0 0 0
499 0 0 1 499 0 0 0 0 0
571 0 0 1 571 0 0 0 0 0
413 0 0 1 413 0 0 0 0 0
506 0 0 1 506 0 0 0 0 0
445 0 0 1 445 0 0 0 0 0
523 0 0 1 523 0 0 0 0 0
559 0 0 1 559 0 0 0 0 0
512 0 0 1 512 0 0 0 0 0
471 0 0 1 471 0 0 0 0 0
468 0 0 1 468 0 0 0 0 0
496 0 0 1 496 0 0 0 0 0
439 0 0 1 439 0 0 0 0 0
491 0 0 1 491 0 0 0 0 0
568 0 0 1 568 0 0 0 0 0
467 0 0 1 467 0 0 0 0 0
544 0 0 1 544 0 0 0 0 0
535 0 0 1 535 0 0 0 0 0
531 0 0 1 531 0 0 0 0 0
538 0 0 1 538 0 0 0 0 0
452 0 0 1 452 0 0 0 0 0
453 0 0 1 453 0 0 0 0 0
524 0 0 1 524 0 0 0 0 0
547 0 0 1 547 0 0 0 0 0
522 0 0 1 522 0 0 0 0 0
498 0 0 1 498 0 0 0 0 0
305 0 0 1 305 0 0 0 0 0
467 0 0 1 467 0 0 0 0 0
521 0 0 1 521 0 0 0 0 0
474 0 0 1 474 0 0 0 0 0
561 0 0 1 561 0 0 0 0 0
529 0 0 1 529 0 0 0 0 0
537 0 0 1 537 0 0 0 0 0
491 0 0 1 491 0 0 0 0 0
431 0 0 1 431 0 0 0 0 0
396 0 0 1 396 0 0 0 0 0
550 0 0 1 550 0 0 0 0 0
511 0 0 1 511 0 0 0 0 0
451 0 0 1 451 0 0 0 0 0
486 0 0 1 486 0 0 0 0 0
516 0 0 1 516 0 0 0 0 0
488 0 0 1 488 0 0 0 0 0
409 0 0 1 409 0 0 0 0 0
578 0 0 1 578 0 0 0 0 0
522 0 0 1 522 0 0 0 0 0
471 0 0 1 471 0 0 0 0 0
492 0 0 1 492 0 0 0 0 0
545 0 0 1 545 0 0 0 0 0
482 0 0 1 482 0 0 0 0 0
460 0 0 1 460 0 0 0 0 0
458 0 0 1 458 0 0 0 0 0
508 0 0 1 508 0 0 0 0 0
467 0 0 1 467 0 0 0 0 0
462 0 0 1 462 0 0 0 0 0
515 0 0 1 515 0 0 0 0 0
456 0 0 1 456 0 0 0 0 0
481 0 0 1 481 0 0 0 0 0
451 0 0 1 451 0 0 0 0 0
379 0 0 1 379 0 0 0 0 0
524 0 0 1 524 0 0 0 0 0
512 0 0 1 512 0 0 0 0 0
513 0 0 1 513 0 0 0 0 0
429 0 0 1 429 0 0 0 0 0
522 0 0 1 522 0 0 0 0 0
448 0 0 1 448 0 0 0 0 0
568 0 0 1 568 0 0 0 0 0
558 0 0 1 558 0 0 0 0 0
441 0 0 1 441 0 0 0 0 0
510 0 0 1 510 0 0 0 0 0
559 0 0 1 559 0 0 0 0 0
466 0 0 1 466 0 0 0 0 0
461 0 0 1 461 0 0 0 0 0
521 0 0 1 521 0 0 0 0 0
540 0 0 1 540 0 0 0 0 0
478 0 0 1 478 0 0 0 0 0
482 0 0 1 482 0 0 0 0 0
537 0 0 1 537 0 0 0 0 0
503 0 0 1 503 0 0 0 0 0
502 0 0 1 502 0 0 0 0 0
481 0 0 1 481 0 0 0 0 0
486 0 0 1 486 0 0 0 0 0
565 0 0 1 565 0 0 0 0 0
512 0 0 1 512 0 0 0 0 0
486 0 0 1 486 0 0 0 0 0
433 0 0 1 433 0 0 0 0 0
530 0 0 1 530 0 0 0 0 0
379 0 0 1 379 0 0 0 0 0
444 0 0 1 444 0 0 0 0 0
536 0 0 1 536 0 0 0 0 0
483 0 0 1 483 0 0 0 0 0
523 0 0 1 523 0 0 0 0 0
466 0 0 1 466 0 0 0 0 0
462 0 0 1 462 0 0 0 0 0
411 0 0 1 411 0 0 0 0 0
494 0 0 1 494 0 0 0 0 0
559 0 0 1 559 0 0 0 0 0
397 0 0 1 397 0 0 0 0 0
505 0 0 1 505 0 0 0 0 0
462 0 0 1 462 0 0 0 0 0
429 0 0 1 429 0 0 0 0 0
534 0 0 1 534 0 0 0 0 0
402 0 0 1 402 0 0 0 0 0
515 0 0 1 515 0 0 0 0 0
354 0 0 1 354 0 0 0 0 0
490 0 0 1 490 0 0 0 0 0
481 0 0 1 481 0 0 0 0 0
537 0 0 1 537 0 0 0 0 0
565 0 0 1 565 0 0 0 0 0
427 0 0 1 427 0 0 0 0 0
482 0 0 1 482 0 0 0 0 0
431 0 0 1 431 0 0 0 0 0
525 0 0 1 525 0 0 0 0 0
585 0 0 1 585 0 0 0 0 0
420 0 0 1 420 0 0 0 0 0
487 0 0 1 487 0 0 0 0 0
501 0 0 1 501 0 0 0 0 0
482 0 0 1 482 0 0 0 0 0
496 0 0 1 496 0 0 0 0 0
504 0 0 1 504 0 0 0 0 0
506 0 0 1 506 0 0 0 0 0
452 0 0 1 452 0 0 0 0 0
497 0 0 1 497 0 0 0 0 0
483 0 0 1 483 0 0 0 0 0
528 0 0 1 528 0 0 0 0 0
503 0 0 1 503 0 0 0 0 0
450 0 0 1 450 0 0 0 0 0
508 0 0 1 508 0 0 0 0 0
479 0 0 1 479 0 0 0 0 0
410 0 0 1 410 0 0 0 0 0
553 0 0 1 553 0 0 0 0 0
488 0 0 1 488 0 0 0 0 0
497 0 0 1 497 0 0 0 0 0
539 0 0 1 539 0 0 0 0 0
407 0 0 1 407 0 0 0 0 0
464 0 0 1 464 0 0 0 0 0
510 0 0 1 510 0 0 0 0 0
507 0 0 1 507 0 0 0 0 0
446 0 0 1 446 0 0 0 0 0
418 0 0 1 418 0 0 0 0 0
555 0 0 1 555 0 0 0 0 0
479 0 0 1 479 0 0 0 0 0
512 0 0 1 512 0 0 0 0 0
539 0 0 1 539 0 0 0 0 0
440 0 0 1 440 0 0 0 0 0
412 0 0 1 412 0 0 0 0 0
557 0 0 1 557 0 0 0 0 0
543 0 0 1 543 0 0 0 0 0
589 0 0 1 589 0 0 0 0 0
508 0 0 1 508 0 0 0 0 0
457 0 0 1 457 0 0 0 0 0
520 0 0 1 520 0 0 0 0 0
486 0 0 1 486 0 0 0 0 0
450 0 0 1 450 0 0 0 0 0
512 0 0 1 512 0 0 0 0 0
502 0 0 1 502 0 0 0 0 0
468 0 0 1 468 0 0 0 0 0
511 0 0 1 511 0 0 0 0 0
520 0 0 1 520 0 0 0 0 0
497 0 0 1 497 0 0 0 0 0
528 0 0 1 528 0 0 0 0 0
404 0 0 1 404 0 0 0 0 0
461 0 0 1 461 0 0 0 0 0
466 0 0 1 466 0 0 0 0 0
516 0 0 1 516 0 0 0 0 0
527 0 0 1 527 0 0 0 0 0
436 0 0 1 436 0 0 0 0 0
538 0 0 1 538 0 0 0 0 0
451 0 0 1 451 0 0 0 0 0
545 0 0 1 545 0 0 0 0 0
420 0 0 1 420 0 0 0 0 0
530 0 0 1 530 0 0 0 0 0
477 0 0 1 477 0 0 0 0 0
494 0 0 1 494 0 0 0 0 0
434 0 0 1 434 0 0 0 0 0
479 0 0 1 479 0 0 0 0 0
508 0 0 1 508 0 0 0 0 0
455 0 0 1 455 0 0 0 0 0
497 0 0 1 497 0 0 0 0 0
531 0 0 1 531 0 0 0 0 0
469 0 0 1 469 0 0 0 0 0
448 0 0 1 448 0 0 0 0 0
481 0 0 1 481 0 0 0 0 0
477 0 0 1 477 0 0 0 0 0
526 0 0 1 526 0 0 0 0 0
406 0 0 1 406 0 0 0 0 0
512 0 0 1 512 0 0 0 0 0
446 0 0 1 446 0 0 0 0 0
588 0 0 1 588 0 0 0 0 0
447 0 0 1 447 0 0 0 0 0
564 0 0 1 564 0 0 0 0 0
500 0 0 1 500 0 0 0 0 0
525 0 0 1 525 0 0 0 0 0
470 0 0 1 470 0 0 0 0 0
464 0 0 1 464 0 0 0 0 0
451 0 0 1 451 0 0 0 0 0
428 0 0 1 428 0 0 0 0 0
445 0 0 1 445 0 0 0 0 0
559 0 0 1 559 0 0 0 0 0
503 0 0 1 503 0 0 0 0 0
520 0 0 1 520 0 0 0 0 0
483 0 0 1 483 0 0 0 0 0
525 0 0 1 525 0 0 0 0 0
394 0 0 1 394 0 0 0 0 0
504 0 0 1 504 0 0 0 0 0
487 0 0 1 487 0 0 0 0 0
549 0 0 1 549 0 0 0 0 0
472 0 0 1 472 0 0 0 0 0
532 0 0 1 532 0 0 0 0 0
488 0 0 1 488 0 0 0 0 0
404 0 0 1 404 0 0 0 0 0
550 0 0 1 550 0 0 0 0 0
482 0 0 1 482 0 0 0 0 0
556 0 0 1 556 0 0 0 0 0
472 0 0 1 472 0 0 0 0 0
404 0 0 1 404 0 0 0 0 0
506 0 0 1 506 0 0 0 0 0
484 0 0 1 484 0 0 0 0 0
483 0 0 1 483 0 0 0 0 0
438 0 0 1 438 0 0 0 0 0
514 0 0 1 514 0 0 0 0 0
597 0 0 1 597 0 0 0 0 0
486 0 0 1 486 0 0 0 0 0
467 0 0 1 467 0 0 0 0 0
490 0 0 1 490 0 0 0 0 0
372 0 0 1 372 0 0 0 0 0
558 0 0 1 558 0 0 0 0 0
439 0 0 1 439 0 0 0 0 0
476 0 0 1 476 0 0 0 0 0
427 0 0 1 427 0 0 0 0 0
540 0 0 1 540 0 0 0 0 0
359 0 0 1 359 0 0 0 0 0
567 0 0 1 567 0 0 0 0 0
475 0 0 1 475 0 0 0 0 0
580 0 0 1 580 0 0 0 0 0
480 0 0 1 480 0 0 0 0 0
445 0 0 1 445 0 0 0 0 0
427 0 0 1 427 0 0 0 0 0
540 0 0 1 540 0 0 0 0 0
367 0 0 1 367 0 0 0 0 0
421 0 0 1 421 0 0 0 0 0
507 0 0 1 507 0 0 0 0 0
465 0 0 1 465 0 0 0 0 0
400 0 0 1 400 0 0 0 0 0
409 0 0 1 409 0 0 0 0 0
485 0 0 1 485 0 0 0 0 0
481 0 0 1 481 0 0 0 0 0
446 0 0 1 446 0 0 0 0 0
437 0 0 1 437 0 0 0 0 0
463 0 0 1 463 0 0 0 0 0
488 0 0 1 488 0 0 0 0 0
505 0 0 1 505 0 0 0 0 0
438 0 0 1 438 0 0 0 0 0
524 0 0 1 524 0 0 0 0 0
535 0 0 1 535 0 0 0 0 0
528 0 0 1 528 0 0 0 0 0
544 0 0 1 544 0 0 0 0 0
377 0 0 1 377 0 0 0 0 0
443 0 0 1 443 0 0 0 0 0
507 0 0 1 507 0 0 0 0 0
417 0 0 1 417 0 0 0 0 0
471 0 0 1 471 0 0 0 0 0
419 0 0 1 419 0 0 0 0 0
571 0 0 1 571 0 0 0 0 0
475 0 0 1 475 0 0 0 0 0
541 0 0 1 541 0 0 0 0 0
433 0 0 1 433 0 0 0 0 0
459 0 0 1 459 0 0 0 0 0
452 0 0 1 452 0 0 0 0 0
558 0 0 1 558 0 0 0 0 0
426 0 0 1 426 0 0 0 0 0
506 0 0 1 506 0 0 0 0 0
509 0 0 1 509 0 0 0 0 0
471 0 0 1 471 0 0 0 0 0
486 0 0 1 486 0 0 0 0 0
555 0 0 1 555 0 0 0 0 0
471 0 0 1 471 0 0 0 0 0
499 0 0 1 499 0 0 0 0 0
550 0 0 1 550 0 0 0 0 0
552 0 0 1 552 0 0 0 0 0
504 0 0 1 504 0 0 0 0 0
509 0 0 1 509 0 0 0 0 0
553 0 0 1 553 0 0 0 0 0
433 0 0 1 433 0 0 0 0 0
488 0 0 1 488 0 0 0 0 0
508 0 0 1 508 0 0 0 0 0
461 0 0 1 461 0 0 0 0 0
428 0 0 1 428 0 0 0 0 0
494 0 0 1 494 0 0 0 0 0
437 0 0 1 437 0 0 0 0 0
343 0 0 1 343 0 0 0 0 0
406 0 0 1 406 0 0 0 0 0
490 0 0 1 490 0 0 0 0 0
528 0 0 1 528 0 0 0 0 0
441 0 0 1 441 0 0 0 0 0
552 0 0 1 552 0 0 0 0 0
548 0 0 1 548 0 0 0 0 0
533 0 0 1 533 0 0 0 0 0
521 0 0 1 521 0 0 0 0 0
360 0 0 1 360 0 0 0 0 0
574 0 0 1 574 0 0 0 0 0
495 0 0 1 495 0 0 0 0 0
488 0 0 1 488 0 0 0 0 0
560 0 0 1 560 0 0 0 0 0
524 0 0 1 524 0 0 0 0 0
545 0 0 1 545 0 0 0 0 0
485 0 0 1 485 0 0 0 0 0
466 0 0 1 466 0 0 0 0 0
356 0 0 1 356 0 0 0 0 0
544 0 0 1 544 0 0 0 0 0
484 0 0 1 484 0 0 0 0 0
415 0 0 1 415 0 0 0 0 0
465 0 0 1 465 0 0 0 0 0
428 0 0 1 428 0 0 0 0 0
424 0 0 1 424 0 0 0 0 0
487 0 0 1 487 0 0 0 0 0
569 0 0 1 569 0 0 0 0 0
401 0 0 1 401 0 0 0 0 0
472 0 0 1 472 0 0 0 0 0
536 0 0 1 536 0 0 0 0 0
572 0 0 1 572 0 0 0 0 0
571 0 0 1 571 0 0 0 0 0
512 0 0 1 512 0 0 0 0 0
455 0 0 1 455 0 0 0 0 0
469 0 0 1 469 0 0 0 0 0
450 0 0 1 450 0 0 0 0 0
539 0 0 1 539 0 0 0 0 0
456 0 0 1 456 0 0 0 0 0
575 0 0 1 575 0 0 0 0 0
573 0 0 1 573 0 0 0 0 0
564 0 0 1 564 0 0 0 0 0
510 0 0 1 510 0 0 0 0 0
438 0 0 1 438 0 0 0 0 0
534 0 0 1 534 0 0 0 0 0
471 0 0 1 471 0 0 0 0 0
494 0 0 1 494 0 0 0 0 0
490 0 0 1 490 0 0 0 0 0
422 0 0 1 422 0 0 0 0 0
457 0 0 1 457 0 0 0 0 0
555 0 0 1 555 0 0 0 0 0
439 0 0 1 439 0 0 0 0 0
568 0 0 1 568 0 0 0 0 0
519 0 0 1 519 0 0 0 0 0
485 0 0 1 485 0 0 0 0 0
444 0 0 1 444 0 0 0 0 0
545 0 0 1 545 0 0 0 0 0
414 0 0 1 414 0 0 0 0 0
484 0 0 1 484 0 0 0 0 0
471 0 0 1 471 0 0 0 0 0
417 0 0 1 417 0 0 0 0 0
515 0 0 1 515 0 0 0 0 0
570 0 0 1 570 0 0 0 0 0
465 0 0 1 465 0 0 0 0 0
469 0 0 1 469 0 0 0 0 0
442 0 0 1 442 0 0 0 0 0
482 0 0 1 482 0 0 0 0 0
396 0 0 1 396 0 0 0 0 0
522 0 0 1 522 0 0 0 0 0
483 0 0 1 483 0 0 0 0 0
505 0 0 1 505 0 0 0 0 0
486 0 0 1 486 0 0 0 0 0
509 0 0 1 509 0 0 0 0 0
457 0 0 1 457 0 0 0 0 0
504 0 0 1 504 0 0 0 0 0
435 0 0 1 435 0 0 0 0 0
504 0 0 1 504 0 0 0 0 0
424 0 0 1 424 0 0 0 0 0
425 0 0 1 425 0 0 0 0 0
478 0 0 1 478 0 0 0 0 0
531 0 0 1 531 0 0 0 0 0
498 0 0 1 498 0 0 0 0 0
485 0 0 1 485 0 0 0 0 0
510 0 0 1 510 0 0 0 0 0
546 0 0 1 546 0 0 0 0 0
436 0 0 1 436 0 0 0 0 0
524 0 0 1 524 0 0 0 0 0
519 0 0 1 519 0 0 0 0 0
451 0 0 1 451 0 0 0 0 0
479 0 0 1 479 0 0 0 0 0
542 0 0 1 542 0 0 0 0 0
534 0 0 1 534 0 0 0 0 0
510 0 0 1 510 0 0 0 0 0
528 0 0 1 528 0 0 0 0 0
530 0 0 1 530 0 0 0 0 0
563 0 0 1 563 0 0 0 0 0
535 0 0 1 535 0 0 0 0 0
500 0 0 1 500 0 0 0 0 0
461 0 0 1 461 0 0 0 0 0
468 0 0 1 468 0 0 0 0 0
410 0 0 1 410 0 0 0 0 0
498 0 0 1 498 0 0 0 0 0
444 0 0 1 444 0 0 0 0 0
351 0 0 1 351 0 0 0 0 0
445 0 0 1 445 0 0 0 0 0
478 0 0 1 478 0 0 0 0 0
377 0 0 1 377 0 0 0 0 0
509 0 0 1 509 0 0 0 0 0
511 0 0 1 511 0 0 0 0 0
497 0 0 1 497 0 0 0 0 0
380 0 0 1 380 0 0 0 0 0
588 0 0 1 588 0 0 0 0 0
439 0 0 1 439 0 0 0 0 0
411 0 0 1 411 0 0 0 0 0
521 0 0 1 521 0 0 0 0 0
507 0 0 1 507 0 0 0 0 0
512 0 0 1 512 0 0 0 0 0
514 0 0 1 514 0 0 0 0 0
466 0 0 1 466 0 0 0 0 0
482 0 0 1 482 0 0 0 0 0
549 0 0 1 549 0 0 0 0 0
393 0 0 1 393 0 0 0 0 0
524 0 0 1 524 0 0 0 0 0
423 0 0 1 423 0 0 0 0 0
530 0 0 1 530 0 0 0 0 0
495 0 0 1 495 0 0 0 0 0
456 0 0 1 456 0 0 0 0 0
537 0 0 1 537 0 0 0 0 0
434 0 0 1 434 0 0 0 0 0
559 0 0 1 559 0 0 0 0 0
455 0 0 1 455 0 0 0 0 0
462 0 0 1 462 0 0 0 0 0
550 0 0 1 550 0 0 0 0 0
487 0 0 1 487 0 0 0 0 0
375 0 0 1 375 0 0 0 0 0
448 0 0 1 448 0 0 0 0 0
475 0 0 1 475 0 0 0 0 0
459 0 0 1 459 0 0 0 0 0
470 0 0 1 470 0 0 0 0 0
586 0 0 1 586 0 0 0 0 0
499 0 0 1 499 0 0 0 0 0
524 0 0 1 524 0 0 0 0 0
419 0 0 1 419 0 0 0 0 0
551 0 0 1 551 0 0 0 0 0
516 0 0 1 516 0 0 0 0 0
502 0 0 1 502 0 0 0 0 0
448 0 0 1 448 0 0 0 0 0
504 0 0 1 504 0 0 0 0 0
524 0 0 1 524 0 0 0 0 0
487 0 0 1 487 0 0 0 0 0
510 0 0 1 510 0 0 0 0 0
468 0 0 1 468 0 0 0 0 0
469 0 0 1 469 0 0 0 0 0
444 0 0 1 444 0 0 0 0 0
419 0 0 1 419 0 0 0 0 0
532 0 0 1 532 0 0 0 0 0
528 0 0 1 528 0 0 0 0 0
537 0 0 1 537 0 0 0 0 0
559 0 0 1 559 0 0 0 0 0
431 0 0 1 431 0 0 0 0 0
489 0 0 1 489 0 0 0 0 0
480 0 0 1 480 0 0 0 0 0
515 0 0 1 515 0 0 0 0 0
550 0 0 1 550 0 0 0 0 0
488 0 0 1 488 0 0 0 0 0
484 0 0 1 484 0 0 0 0 0
528 0 0 1 528 0 0 0 0 0
543 0 0 1 543 0 0 0 0 0
524 0 0 1 524 0 0 0 0 0
455 0 0 1 455 0 0 0 0 0
601 0 0 1 601 0 0 0 0 0
436 0 0 1 436 0 0 0 0 0
481 0 0 1 481 0 0 0 0 0
423 0 0 1 423 0 0 0 0 0
379 0 0 1 379 0 0 0 0 0
476 0 0 1 476 0 0 0 0 0
571 0 0 1 571 0 0 0 0 0
527 0 0 1 527 0 0 0 0 0
443 0 0 1 443 0 0 0 0 0
399 0 0 1 399 0 0 0 0 0
423 0 0 1 423 0 0 0 0 0
457 0 0 1 457 0 0 0 0 0
380 0 0 1 380 0 0 0 0 0
496 0 0 1 496 0 0 0 0 0
476 0 0 1 476 0 0 0 0 0
398 0 0 1 398 0 0 0 0 0
454 0 0 1 454 0 0 0 0 0
473 0 0 1 473 0 0 0 0 0
520 0 0 1 520 0 0 0 0 0
546 0 0 1 546 0 0 0 0 0
464 0 0 1 464 0 0 0 0 0
491 0 0 1 491 0 0 0 0 0
421 0 0 1 421 0 0 0 0 0
476 0 0 1 476 0 0 0 0 0
435 0 0 1 435 0 0 0 0 0
521 0 0 1 521 0 0 0 0 0
527 0 0 1 527 0 0 0 0 0
445 0 0 1 445 0 0 0 0 0
492 0 0 1 492 0 0 0 0 0
500 0 0 1 500 0 0 0 0 0
522 0 0 1 522 0 0 0 0 0
533 0 0 1 533 0 0 0 0 0
430 0 0 1 430 0 0 0 0 0
471 0 0 1 471 0 0 0 0 0
420 0 0 1 420 0 0 0 0 0
427 0 0 1 427 0 0 0 0 0
481 0 0 1 481 0 0 0 0 0
463 0 0 1 463 0 0 0 0 0
468 0 0 1 468 0 0 0 0 0
603 0 0 1 603 0 0 0 0 0
552 0 0 1 552 0 0 0 0 0
598 0 0 1 598 0 0 0 0 0
477 0 0 1 477 0 0 0 0 0
526 0 0 1 526 0 0 0 0 0
510 0 0 1 510 0 0 0 0 0
547 0 0 1 547 0 0 0 0 0
503 0 0 1 503 0 0 0 0 0
487 0 0 1 487 0 0 0 0 0
474 0 0 1 474 0 0 0 0 0
433 0 0 1 433 0 0 0 0 0
545 0 0 1 545 0 0 0 0 0
538 0 0 1 538 0 0 0 0 0
475 0 0 1 475 0 0 0 0 0
445 0 0 1 445 0 0 0 0 0
523 0 0 1 523 0 0 0 0 0
423 0 0 1 423 0 0 0 0 0
438 0 0 1 438 0 0 0 0 0
601 0 0 1 601 0 0 0 0 0
320 0 0 1 320 0 0 0 0 0
454 0 0 1 454 0 0 0 0 0
455 0 0 1 455 0 0 0 0 0
436 0 0 1 436 0 0 0 0 0
359 0 0 1 359 0 0 0 0 0
448 0 0 1 448 0 0 0 0 0
443 0 0 1 443 0 0 0 0 0
501 0 0 1 501 0 0 0 0 0
449 0 0 1 449 0 0 0 0 0
353 0 0 1 353 0 0 0 0 0
542 0 0 1 542 0 0 0 0 0
551 0 0 1 551 0 0 0 0 0
537 0 0 1 537 0 0 0 0 0
453 0 0 1 453 0 0 0 0 0
537 0 0 1 537 0 0 0 0 0
505 0 0 1 505 0 0 0 0 0
470 0 0 1 470 0 0 0 0 0
477 0 0 1 477 0 0 0 0 0
507 0 0 1 507 0 0 0 0 0
501 0 0 1 501 0 0 0 0 0
557 0 0 1 557 0 0 0 0 0
437 0 0 1 437 0 0 0 0 0
464 0 0 1 464 0 0 0 0 0
492 0 0 1 492 0 0 0 0 0
526 0 0 1 526 0 0 0 0 0
416 0 0 1 416 0 0 0 0 0
512 0 0 1 512 0 0 0 0 0
522 0 0 1 522 0 0 0 0 0
458 0 0 1 458 0 0 0 0 0
465 0 0 1 465 0 0 0 0 0
469 0 0 1 469 0 0 0 0 0
482 0 0 1 482 0 0 0 0 0
472 0 0 1 472 0 0 0 0 0
457 0 0 1 457 0 0 0 0 0
429 0 0 1 429 0 0 0 0 0
501 0 0 1 501 0 0 0 0 0
503 0 0 1 503 0 0 0 0 0
518 0 0 1 518 0 0 0 0 0
481 0 0 1 481 0 0 0 0 0
545 0 0 1 545 0 0 0 0 0
519 0 0 1 519 0 0 0 0 0
460 0 0 1 460 0 0 0 0 0
514 0 0 1 514 0 0 0 0 0
432 0 0 1 432 0 0 0 0 0
499 0 0 1 499 0 0 0 0 0
453 0 0 1 453 0 0 0 0 0
498 0 0 1 498 0 0 0 0 0
514 0 0 1 514 0 0 0 0 0
507 0 0 1 507 0 0 0 0 0
410 0 0 1 410 0 0 0 0 0
486 0 0 1 486 0 0 0 0 0
522 0 0 1 522 0 0 0 0 0
437 0 0 1 437 0 0 0 0 0
525 0 0 1 525 0 0 0 0 0
501 0 0 1 501 0 0 0 0 0
482 0 0 1 482 0 0 0 0 0
428 0 0 1 428 0 0 0 0 0
520 0 0 1 520 0 0 0 0 0
462 0 0 1 462 0 0 0 0 0
520 0 0 1 520 0 0 0 0 0
558 0 0 1 558 0 0 0 0 0
458 0 0 1 458 0 0 0 0 0
508 0 0 1 508 0 0 0 0 0
458 0 0 1 458 0 0 0 0 0
478 0 0 1 478 0 0 0 0 0
483 0 0 1 483 0 0 0 0 0
552 0 0 1 552 0 0 0 0 0
483 0 0 1 483 0 0 0 0 0
553 0 0 1 553 0 0 0 0 0
519 0 0 1 519 0 0 0 0 0
497 0 0 1 497 0 0 0 0 0
501 0 0 1 501 0 0 0 0 0
466 0 0 1 466 0 0 0 0 0
413 0 0 1 413 0 0 0 0 0
561 0 0 1 561 0 0 0 0 0
521 0 0 1 521 0 0 0 0 0
435 0 0 1 435 0 0 0 0 0
467 0 0 1 467 0 0 0 0 0
473 0 0 1 473 0 0 0 0 0
569 0 0 1 569 0 0 0 0 0
524 0 0 1 524 0 0 0 0 0
526 0 0 1 526 0 0 0 0 0
