468 0 0 1 468 2 0 0 1 2
446 0 0 1 446 0 0 0 0 0
533 0 0 1 533 1 0 0 1 1
442 0 0 1 442 1 0 0 1 1
385 0 0 1 385 0 0 0 0 0
497 0 0 1 497 0 0 0 0 0
520 0 0 1 520 0 0 0 0 0
545 0 0 1 545 0 0 0 0 0
395 0 0 1 395 0 0 0 0 0
432 0 0 1 432 0 0 0 0 0
427 0 0 1 427 0 0 0 0 0
389 0 0 1 389 0 0 0 0 0
617 0 0 1 617 0 0 0 0 0
452 0 0 1 452 2 0 0 1 2
523 0 0 1 523 1 0 0 1 1
554 0 0 1 554 0 0 0 0 0
600 0 0 1 600 1 0 0 1 1
388 0 0 1 388 0 0 0 0 0
486 0 0 1 486 0 0 0 0 0
583 0 0 1 583 0 0 0 0 0
507 0 0 1 507 1 0 0 1 1
543 0 0 1 543 0 0 0 0 0
610 0 0 1 610 2 0 0 1 2
553 0 0 1 553 0 0 0 0 0
557 0 0 1 557 0 0 0 0 0
562 0 0 1 562 1 0 0 1 1
338 0 0 1 338 0 0 0 0 0
394 0 0 1 394 0 0 0 0 0
628 0 0 1 628 1 0 0 1 1
408 0 0 1 408 0 0 0 0 0
425 0 0 1 425 1 0 0 1 1
583 0 0 1 583 0 0 0 0 0
431 0 0 1 431 0 0 0 0 0
461 0 0 1 461 2 0 0 1 2
500 0 0 1 500 0 0 0 0 0
571 0 0 1 571 0 0 0 0 0
564 0 0 1 564 1 0 0 1 1
201 0 0 1 201 0 0 0 0 0
534 0 0 1 534 0 0 0 0 0
539 0 0 1 539 0 0 0 0 0
389 0 0 1 389 1 0 0 1 1
463 0 0 1 463 0 0 0 0 0
416 0 0 1 416 0 0 0 0 0
487 0 0 1 487 0 0 0 0 0
474 0 0 1 474 1 0 0 1 1
385 0 0 1 385 0 0 0 0 0
332 0 0 1 332 0 0 0 0 0
593 0 0 1 593 0 0 0 0 0
551 0 0 1 551 0 0 0 0 0
474 0 0 1 474 0 0 0 0 0
444 0 0 1 444 3 0 0 1 3
460 0 0 1 460 1 0 0 1 1
520 0 0 1 520 0 0 0 0 0
311 0 0 1 311 12 0 0 1 12
462 0 0 1 462 1 0 0 1 1
536 0 0 1 536 0 0 0 0 0
367 0 0 1 367 0 0 0 0 0
583 0 0 1 583 0 0 0 0 0
357 0 0 1 357 0 0 0 0 0
530 0 0 1 530 0 0 0 0 0
450 0 0 1 450 0 0 0 0 0
398 0 0 1 398 0 0 0 0 0
578 0 0 1 578 0 0 0 0 0
502 0 0 1 502 0 0 0 0 0
455 0 0 1 455 1 0 0 1 1
483 0 0 1 483 0 0 0 0 0
421 0 0 1 421 0 0 0 0 0
397 0 0 1 397 1 0 0 1 1
349 0 0 1 349 0 0 0 0 0
568 0 0 1 568 0 0 0 0 0
517 0 0 1 517 0 0 0 0 0
374 0 0 1 374 7 0 0 1 7
382 0 0 1 382 0 0 0 0 0
365 0 0 1 365 0 0 0 0 0
562 0 0 1 562 1 0 0 1 1
492 0 0 1 492 2 0 0 1 2
513 0 0 1 513 0 0 0 0 0
477 0 0 1 477 0 0 0 0 0
565 0 0 1 565 0 0 0 0 0
346 0 0 1 346 0 0 0 0 0
460 0 0 1 460 1 0 0 1 1
426 0 0 1 426 1 0 0 1 1
437 0 0 1 437 0 0 0 0 0
416 0 0 1 416 0 0 0 0 0
298 0 0 1 298 0 0 0 0 0
459 0 0 1 459 0 0 0 0 0
468 0 0 1 468 0 0 0 0 0
552 0 0 1 552 0 0 0 0 0
514 0 0 1 514 0 0 0 0 0
500 0 0 1 500 0 0 0 0 0
466 0 0 1 466 0 0 0 0 0
432 0 0 1 432 0 0 0 0 0
402 0 0 1 402 0 0 0 0 0
412 0 0 1 412 0 0 0 0 0
439 0 0 1 439 0 0 0 0 0
586 0 0 1 586 1 0 0 1 1
494 0 0 1 494 2 0 0 1 2
431 0 0 1 431 0 0 0 0 0
501 0 0 1 501 0 0 0 0 0
487 0 0 1 487 0 0 0 0 0
505 0 0 1 505 0 0 0 0 0
610 0 0 1 610 0 0 0 0 0
566 0 0 1 566 0 0 0 0 0
481 0 0 1 481 0 0 0 0 0
328 0 0 1 328 0 0 0 0 0
458 0 0 1 458 5 0 0 1 5
583 0 0 1 583 20 0 0 1 20
478 0 0 1 478 0 0 0 0 0
412 0 0 1 412 0 0 0 0 0
423 0 0 1 423 0 0 0 0 0
488 0 0 1 488 0 0 0 0 0
540 0 0 1 540 0 0 0 0 0
467 0 0 1 467 0 0 0 0 0
539 0 0 1 539 0 0 0 0 0
557 0 0 1 557 0 0 0 0 0
361 0 0 1 361 1 0 0 1 1
363 0 0 1 363 3 0 0 1 3
555 0 0 1 555 1 0 0 1 1
570 0 0 1 570 0 0 0 0 0
522 0 0 1 522 0 0 0 0 0
624 0 0 1 624 0 0 0 0 0
451 0 0 1 451 0 0 0 0 0
384 0 0 1 384 0 0 0 0 0
445 0 0 1 445 0 0 0 0 0
493 0 0 1 493 0 0 0 0 0
328 0 0 1 328 0 0 0 0 0
448 0 0 1 448 0 0 0 0 0
547 0 0 1 547 0 0 0 0 0
613 0 0 1 613 0 0 0 0 0
406 0 0 1 406 0 0 0 0 0
487 0 0 1 487 2 0 0 1 2
462 0 0 1 462 0 0 0 0 0
472 0 0 1 472 0 0 0 0 0
591 0 0 1 591 1 0 0 1 1
390 0 0 1 390 0 0 0 0 0
475 0 0 1 475 0 0 0 0 0
451 0 0 1 451 0 0 0 0 0
535 0 0 1 535 0 0 0 0 0
487 0 0 1 487 0 0 0 0 0
438 0 0 1 438 0 0 0 0 0
477 0 0 1 477 0 0 0 0 0
448 0 0 1 448 0 0 0 0 0
686 0 0 1 686 0 0 0 0 0
654 0 0 1 654 16 0 0 1 16
485 0 0 1 485 0 0 0 0 0
416 0 0 1 416 0 0 0 0 0
539 0 0 1 539 0 0 0 0 0
621 0 0 1 621 0 0 0 0 0
512 0 0 1 512 0 0 0 0 0
536 0 0 1 536 0 0 0 0 0
500 0 0 1 500 0 0 0 0 0
539 0 0 1 539 0 0 0 0 0
338 0 0 1 338 0 0 0 0 0
377 0 0 1 377 0 0 0 0 0
397 0 0 1 397 1 0 0 1 1
610 0 0 1 610 0 0 0 0 0
443 0 0 1 443 0 0 0 0 0
482 0 0 1 482 0 0 0 0 0
402 0 0 1 402 0 0 0 0 0
443 0 0 1 443 0 0 0 0 0
603 0 0 1 603 0 0 0 0 0
471 0 0 1 471 0 0 0 0 0
475 0 0 1 475 0 0 0 0 0
521 0 0 1 521 0 0 0 0 0
481 0 0 1 481 0 0 0 0 0
378 0 0 1 378 0 0 0 0 0
341 0 0 1 341 0 0 0 0 0
583 0 0 1 583 0 0 0 0 0
545 0 0 1 545 0 0 0 0 0
460 0 0 1 460 0 0 0 0 0
550 0 0 1 550 0 0 0 0 0
538 0 0 1 538 1 0 0 1 1
447 0 0 1 447 0 0 0 0 0
347 0 0 1 347 0 0 0 0 0
499 0 0 1 499 0 0 0 0 0
580 0 0 1 580 6 0 0 1 6
399 0 0 1 399 2 0 0 1 2
427 0 0 1 427 0 0 0 0 0
534 0 0 1 534 2 0 0 1 2
484 0 0 1 484 0 0 0 0 0
469 0 0 1 469 0 0 0 0 0
536 0 0 1 536 4 0 0 1 4
475 0 0 1 475 0 0 0 0 0
657 0 0 1 657 0 0 0 0 0
555 0 0 1 555 0 0 0 0 0
308 0 0 1 308 0 0 0 0 0
564 0 0 1 564 0 0 0 0 0
489 0 0 1 489 0 0 0 0 0
346 0 0 1 346 0 0 0 0 0
583 0 0 1 583 1 0 0 1 1
450 0 0 1 450 0 0 0 0 0
626 0 0 1 626 0 0 0 0 0
433 0 0 1 433 0 0 0 0 0
448 0 0 1 448 0 0 0 0 0
323 0 0 1 323 0 0 0 0 0
617 0 0 1 617 1 0 0 1 1
429 0 0 1 429 0 0 0 0 0
282 0 0 1 282 0 0 0 0 0
493 0 0 1 493 0 0 0 0 0
430 0 0 1 430 0 0 0 0 0
570 0 0 1 570 0 0 0 0 0
314 0 0 1 314 0 0 0 0 0
293 0 0 1 293 0 0 0 0 0
489 0 0 1 489 0 0 0 0 0
537 0 0 1 537 0 0 0 0 0
424 0 0 1 424 0 0 0 0 0
561 0 0 1 561 0 0 0 0 0
552 0 0 1 552 0 0 0 0 0
410 0 0 1 410 0 0 0 0 0
551 0 0 1 551 0 0 0 0 0
458 0 0 1 458 0 0 0 0 0
486 0 0 1 486 0 0 0 0 0
472 0 0 1 472 0 0 0 0 0
514 0 0 1 514 4 0 0 1 4
644 0 0 1 644 1 0 0 1 1
565 0 0 1 565 0 0 0 0 0
461 0 0 1 461 0 0 0 0 0
576 0 0 1 576 0 0 0 0 0
533 0 0 1 533 0 0 0 0 0
534 0 0 1 534 0 0 0 0 0
546 0 0 1 546 0 0 0 0 0
437 0 0 1 437 0 0 0 0 0
491 0 0 1 491 6 0 0 1 6
518 0 0 1 518 2 0 0 1 2
566 0 0 1 566 0 0 0 0 0
457 0 0 1 457 0 0 0 0 0
424 0 0 1 424 0 0 0 0 0
351 0 0 1 351 0 0 0 0 0
370 0 0 1 370 12 1 0 2 13
454 0 0 1 454 0 0 0 0 0
467 0 0 1 467 0 0 0 0 0
628 0 0 1 628 1 0 0 1 1
477 0 0 1 477 1 0 0 1 1
539 0 0 1 539 0 0 0 0 0
530 0 0 1 530 3 0 0 1 3
521 0 0 1 521 1 0 0 1 1
423 0 0 1 423 20 0 0 1 20
433 0 0 1 433 0 0 0 0 0
369 0 0 1 369 0 0 0 0 0
527 0 0 1 527 0 0 0 0 0
501 0 0 1 501 0 0 0 0 0
495 0 0 1 495 8 0 0 1 8
533 0 0 1 533 0 0 0 0 0
460 0 0 1 460 0 0 0 0 0
600 0 0 1 600 0 0 0 0 0
303 0 0 1 303 0 0 0 0 0
699 0 0 1 699 0 0 0 0 0
464 0 0 1 464 0 0 0 0 0
418 0 0 1 418 0 0 0 0 0
443 0 0 1 443 0 0 0 0 0
453 0 0 1 453 0 0 0 0 0
432 0 0 1 432 0 0 0 0 0
377 0 0 1 377 0 0 0 0 0
446 0 0 1 446 0 0 0 0 0
529 0 0 1 529 2 0 0 1 2
488 0 0 1 488 0 0 0 0 0
391 0 0 1 391 4 0 0 1 4
436 0 0 1 436 0 0 0 0 0
519 0 0 1 519 0 0 0 0 0
506 0 0 1 506 0 0 0 0 0
487 0 0 1 487 0 0 0 0 0
484 0 0 1 484 0 0 0 0 0
454 0 0 1 454 1 0 0 1 1
568 0 0 1 568 3 0 0 1 3
576 0 0 1 576 1 0 0 1 1
480 0 0 1 480 0 0 0 0 0
258 0 0 1 258 0 0 0 0 0
466 0 0 1 466 0 0 0 0 0
375 0 0 1 375 0 0 0 0 0
502 0 0 1 502 0 0 0 0 0
561 0 0 1 561 0 0 0 0 0
615 0 0 1 615 0 0 0 0 0
439 0 0 1 439 0 0 0 0 0
440 0 0 1 440 0 0 0 0 0
545 0 0 1 545 0 0 0 0 0
440 0 0 1 440 0 0 0 0 0
419 0 0 1 419 0 0 0 0 0
432 0 0 1 432 0 0 0 0 0
421 0 0 1 421 0 0 0 0 0
365 0 0 1 365 0 0 0 0 0
412 0 0 1 412 0 0 0 0 0
441 0 0 1 441 1 0 0 1 1
627 0 0 1 627 0 0 0 0 0
420 0 0 1 420 0 0 0 0 0
319 0 0 1 319 0 0 0 0 0
425 0 0 1 425 0 0 0 0 0
395 0 0 1 395 2 0 0 1 2
615 0 0 1 615 0 0 0 0 0
397 0 0 1 397 0 0 0 0 0
563 0 0 1 563 1 0 0 1 1
462 0 0 1 462 0 0 0 0 0
460 0 0 1 460 0 0 0 0 0
438 0 0 1 438 1 0 0 1 1
454 0 0 1 454 1 0 0 1 1
336 0 0 1 336 0 0 0 0 0
299 0 0 1 299 0 0 0 0 0
563 0 0 1 563 0 0 0 0 0
462 0 0 1 462 0 0 0 0 0
582 0 0 1 582 0 0 0 0 0
388 0 0 1 388 0 0 0 0 0
545 0 0 1 545 9 0 0 1 9
511 0 0 1 511 0 0 0 0 0
529 0 0 1 529 0 0 0 0 0
569 0 0 1 569 0 0 0 0 0
426 0 0 1 426 1 0 0 1 1
697 0 0 1 697 0 0 0 0 0
612 0 0 1 612 0 0 0 0 0
536 0 0 1 536 1 0 0 1 1
601 0 0 1 601 1 0 0 1 1
522 0 0 1 522 0 0 0 0 0
609 0 0 1 609 3 0 0 1 3
509 0 0 1 509 0 0 0 0 0
502 0 0 1 502 0 0 0 0 0
547 0 0 1 547 0 0 0 0 0
510 0 0 1 510 1 0 0 1 1
525 0 0 1 525 0 0 0 0 0
475 0 0 1 475 0 0 0 0 0
316 0 0 1 316 1 0 0 1 1
611 0 0 1 611 3 0 0 1 3
591 0 0 1 591 0 0 0 0 0
514 0 0 1 514 0 0 0 0 0
442 0 0 1 442 0 0 0 0 0
378 0 0 1 378 0 0 0 0 0
279 0 0 1 279 0 0 0 0 0
492 0 0 1 492 1 0 0 1 1
525 0 0 1 525 0 0 0 0 0
420 0 0 1 420 0 0 0 0 0
351 0 0 1 351 1 0 0 1 1
277 0 0 1 277 0 0 0 0 0
466 0 0 1 466 0 0 0 0 0
494 0 0 1 494 0 0 0 0 0
411 0 0 1 411 0 0 0 0 0
488 0 0 1 488 0 0 0 0 0
375 0 0 1 375 0 0 0 0 0
552 0 0 1 552 0 0 0 0 0
391 0 0 1 391 0 0 0 0 0
486 0 0 1 486 0 0 0 0 0
562 0 0 1 562 0 0 0 0 0
429 0 0 1 429 0 0 0 0 0
612 0 0 1 612 1 0 0 1 1
475 0 0 1 475 1 0 0 1 1
404 0 0 1 404 0 0 0 0 0
402 0 0 1 402 0 0 0 0 0
508 0 0 1 508 0 0 0 0 0
527 0 0 1 527 3 0 0 1 3
473 0 0 1 473 0 0 0 0 0
487 0 0 1 487 0 0 0 0 0
479 0 0 1 479 0 0 0 0 0
420 0 0 1 420 0 0 0 0 0
512 0 0 1 512 0 0 0 0 0
444 0 0 1 444 0 0 0 0 0
454 0 0 1 454 0 0 0 0 0
406 0 0 1 406 0 0 0 0 0
361 0 0 1 361 0 0 0 0 0
574 0 0 1 574 0 0 0 0 0
575 0 0 1 575 4 0 0 1 4
507 0 0 1 507 3 0 0 1 3
403 0 0 1 403 0 0 0 0 0
351 0 0 1 351 1 0 0 1 1
420 0 0 1 420 3 0 0 1 3
459 0 0 1 459 0 0 0 0 0
492 0 0 1 492 0 0 0 0 0
536 0 0 1 536 0 0 0 0 0
320 0 0 1 320 0 0 0 0 0
465 0 0 1 465 0 0 0 0 0
560 0 0 1 560 0 0 0 0 0
544 0 0 1 544 1 0 0 1 1
563 0 0 1 563 0 0 0 0 0
356 0 0 1 356 0 0 0 0 0
482 0 0 1 482 0 0 0 0 0
388 0 0 1 388 3 0 0 1 3
482 0 0 1 482 0 0 0 0 0
387 0 0 1 387 0 0 0 0 0
532 0 0 1 532 1 0 0 1 1
466 0 0 1 466 0 0 0 0 0
543 0 0 1 543 0 0 0 0 0
493 0 0 1 493 0 0 0 0 0
475 0 0 1 475 4 0 0 1 4
322 0 0 1 322 0 0 0 0 0
564 0 0 1 564 0 0 0 0 0
609 0 0 1 609 1 0 0 1 1
586 0 0 1 586 0 0 0 0 0
505 0 0 1 505 0 0 0 0 0
385 0 0 1 385 0 0 0 0 0
348 0 0 1 348 0 0 0 0 0
471 0 0 1 471 1 0 0 1 1
458 0 0 1 458 0 0 0 0 0
498 0 0 1 498 0 0 0 0 0
570 0 0 1 570 0 0 0 0 0
494 0 0 1 494 0 0 0 0 0
541 0 0 1 541 0 0 0 0 0
569 0 0 1 569 0 0 0 0 0
230 0 0 1 230 1 0 0 1 1
315 0 0 1 315 1 0 0 1 1
626 0 0 1 626 1 0 0 1 1
513 0 0 1 513 0 0 0 0 0
494 0 0 1 494 1 0 0 1 1
411 0 0 1 411 1 0 0 1 1
496 0 0 1 496 3 0 0 1 3
465 0 0 1 465 0 0 0 0 0
625 0 0 1 625 18 0 0 1 18
442 0 0 1 442 0 0 0 0 0
483 0 0 1 483 1 0 0 1 1
447 0 0 1 447 3 0 0 1 3
537 0 0 1 537 0 0 0 0 0
389 0 0 1 389 0 0 0 0 0
466 0 0 1 466 0 0 0 0 0
471 0 0 1 471 0 0 0 0 0
646 0 0 1 646 1 0 0 1 1
486 0 0 1 486 0 0 0 0 0
378 0 0 1 378 0 0 0 0 0
532 0 0 1 532 1 0 0 1 1
472 0 0 1 472 0 0 0 0 0
344 0 0 1 344 0 0 0 0 0
334 0 0 1 334 2 0 0 1 2
565 0 0 1 565 0 0 0 0 0
527 0 0 1 527 0 0 0 0 0
344 0 0 1 344 0 0 0 0 0
537 0 0 1 537 0 0 0 0 0
564 0 0 1 564 6 0 0 1 6
595 0 0 1 595 0 0 0 0 0
410 0 0 1 410 0 0 0 0 0
434 0 0 1 434 0 0 0 0 0
469 0 0 1 469 0 0 0 0 0
444 0 0 1 444 0 0 0 0 0
481 0 0 1 481 0 0 0 0 0
308 0 0 1 308 2 0 0 1 2
681 0 0 1 681 0 0 0 0 0
367 0 0 1 367 0 0 0 0 0
326 0 0 1 326 0 0 0 0 0
486 0 0 1 486 0 0 0 0 0
434 0 0 1 434 0 0 0 0 0
282 0 0 1 282 0 0 0 0 0
311 0 0 1 311 1 0 0 1 1
449 0 0 1 449 0 0 0 0 0
484 0 0 1 484 2 0 0 1 2
406 0 0 1 406 0 0 0 0 0
476 0 0 1 476 0 0 0 0 0
533 0 0 1 533 0 0 0 0 0
454 0 0 1 454 1 0 0 1 1
469 0 0 1 469 0 0 0 0 0
474 0 0 1 474 3 0 0 1 3
604 0 0 1 604 2 0 0 1 2
372 0 0 1 372 0 0 0 0 0
539 0 0 1 539 3 0 0 1 3
563 0 0 1 563 0 0 0 0 0
410 0 0 1 410 0 0 0 0 0
443 0 0 1 443 0 0 0 0 0
509 0 0 1 509 6 0 0 1 6
474 0 0 1 474 3 0 0 1 3
436 0 0 1 436 0 0 0 0 0
291 0 0 1 291 0 0 0 0 0
459 0 0 1 459 26 0 0 1 26
593 0 0 1 593 0 0 0 0 0
496 0 0 1 496 0 0 0 0 0
322 0 0 1 322 0 0 0 0 0
387 0 0 1 387 0 0 0 0 0
453 0 0 1 453 0 0 0 0 0
519 0 0 1 519 0 0 0 0 0
407 0 0 1 407 0 0 0 0 0
423 0 0 1 423 0 0 0 0 0
568 0 0 1 568 2 0 0 1 2
534 0 0 1 534 3 0 0 1 3
464 0 0 1 464 0 0 0 0 0
579 0 0 1 579 0 0 0 0 0
328 0 0 1 328 0 0 0 0 0
377 0 0 1 377 0 0 0 0 0
526 0 0 1 526 1 0 0 1 1
467 0 0 1 467 0 0 0 0 0
463 0 0 1 463 0 0 0 0 0
478 0 0 1 478 1 0 0 1 1
436 0 0 1 436 0 0 0 0 0
530 0 0 1 530 1 0 0 1 1
603 0 0 1 603 15 0 0 1 15
460 0 0 1 460 0 0 0 0 0
442 0 0 1 442 4 0 0 1 4
466 0 0 1 466 0 0 0 0 0
482 0 0 1 482 0 0 0 0 0
589 0 0 1 589 0 0 0 0 0
468 0 0 1 468 0 0 0 0 0
439 0 0 1 439 1 0 0 1 1
388 0 0 1 388 0 0 0 0 0
302 0 0 1 302 0 0 0 0 0
489 0 0 1 489 0 0 0 0 0
446 0 0 1 446 0 0 0 0 0
402 0 0 1 402 0 0 0 0 0
358 0 0 1 358 0 0 0 0 0
438 0 0 1 438 0 0 0 0 0
396 0 0 1 396 0 0 0 0 0
408 0 0 1 408 0 0 0 0 0
436 0 0 1 436 0 0 0 0 0
390 0 0 1 390 0 0 0 0 0
515 0 0 1 515 0 0 0 0 0
703 0 0 1 703 0 0 0 0 0
621 0 0 1 621 3 0 0 1 3
592 0 0 1 592 4 0 0 1 4
430 0 0 1 430 1 0 0 1 1
538 0 0 1 538 0 0 0 0 0
453 0 0 1 453 0 0 0 0 0
332 0 0 1 332 0 0 0 0 0
269 0 0 1 269 0 0 0 0 0
461 0 0 1 461 0 0 0 0 0
577 0 0 1 577 0 0 0 0 0
564 0 0 1 564 0 0 0 0 0
548 0 0 1 548 0 0 0 0 0
449 0 0 1 449 0 0 0 0 0
425 0 0 1 425 1 0 0 1 1
505 0 0 1 505 0 0 0 0 0
368 0 0 1 368 0 0 0 0 0
594 0 0 1 594 0 0 0 0 0
545 0 0 1 545 1 0 0 1 1
419 0 0 1 419 0 0 0 0 0
339 0 0 1 339 0 0 0 0 0
502 0 0 1 502 0 0 0 0 0
597 0 0 1 597 2 0 0 1 2
497 0 0 1 497 0 0 0 0 0
379 0 0 1 379 0 0 0 0 0
392 0 0 1 392 0 0 0 0 0
522 0 0 1 522 0 0 0 0 0
469 0 0 1 469 1 0 0 1 1
604 0 0 1 604 2 0 0 1 2
498 0 0 1 498 0 0 0 0 0
373 0 0 1 373 2 0 0 1 2
505 0 0 1 505 0 0 0 0 0
299 0 0 1 299 0 0 0 0 0
632 0 0 1 632 0 0 0 0 0
532 0 0 1 532 1 0 0 1 1
374 0 0 1 374 0 0 0 0 0
330 0 0 1 330 0 0 0 0 0
393 0 0 1 393 0 0 0 0 0
426 0 0 1 426 0 0 0 0 0
399 0 0 1 399 0 0 0 0 0
407 0 0 1 407 0 0 0 0 0
575 0 0 1 575 2 0 0 1 2
561 0 0 1 561 0 0 0 0 0
358 0 0 1 358 14 0 0 1 14
535 0 0 1 535 1 0 0 1 1
478 0 0 1 478 0 0 0 0 0
533 0 0 1 533 3 0 0 1 3
384 0 0 1 384 0 0 0 0 0
657 0 0 1 657 0 0 0 0 0
605 0 0 1 605 0 0 0 0 0
474 0 0 1 474 0 0 0 0 0
437 0 0 1 437 0 0 0 0 0
609 0 0 1 609 0 0 0 0 0
539 0 0 1 539 0 0 0 0 0
510 0 0 1 510 1 0 0 1 1
425 0 0 1 425 0 0 0 0 0
568 0 0 1 568 1 0 0 1 1
444 0 0 1 444 0 0 0 0 0
420 0 0 1 420 0 0 0 0 0
448 0 0 1 448 0 0 0 0 0
540 0 0 1 540 0 0 0 0 0
420 0 0 1 420 0 0 0 0 0
409 0 0 1 409 0 0 0 0 0
611 0 0 1 611 0 0 0 0 0
540 0 0 1 540 1 0 0 1 1
414 0 0 1 414 1 0 0 1 1
476 0 0 1 476 0 0 0 0 0
586 0 0 1 586 0 0 0 0 0
367 0 0 1 367 0 0 0 0 0
510 0 0 1 510 0 0 0 0 0
437 0 0 1 437 0 0 0 0 0
369 0 0 1 369 0 0 0 0 0
496 0 0 1 496 0 0 0 0 0
526 0 0 1 526 0 0 0 0 0
327 0 0 1 327 0 0 0 0 0
555 0 0 1 555 0 0 0 0 0
540 0 0 1 540 0 0 0 0 0
570 0 0 1 570 1 0 0 1 1
564 0 0 1 564 0 0 0 0 0
354 0 0 1 354 0 0 0 0 0
447 0 0 1 447 0 0 0 0 0
491 0 0 1 491 1 0 0 1 1
535 0 0 1 535 0 0 0 0 0
602 0 0 1 602 0 0 0 0 0
477 0 0 1 477 0 0 0 0 0
464 0 0 1 464 0 0 0 0 0
575 0 0 1 575 0 0 0 0 0
491 0 0 1 491 0 0 0 0 0
504 0 0 1 504 0 0 0 0 0
525 0 0 1 525 3 0 0 1 3
446 0 0 1 446 5 0 0 1 5
481 0 0 1 481 0 0 0 0 0
515 0 0 1 515 0 0 0 0 0
309 0 0 1 309 1 0 0 1 1
595 0 0 1 595 0 0 0 0 0
482 0 0 1 482 0 0 0 0 0
512 0 0 1 512 1 0 0 1 1
499 0 0 1 499 0 0 0 0 0
388 0 0 1 388 0 0 0 0 0
420 0 0 1 420 0 0 0 0 0
517 0 0 1 517 0 0 0 0 0
568 0 0 1 568 1 0 0 1 1
517 0 0 1 517 0 0 0 0 0
556 0 0 1 556 0 0 0 0 0
568 0 0 1 568 0 0 0 0 0
420 0 0 1 420 0 0 0 0 0
523 0 0 1 523 0 0 0 0 0
478 0 0 1 478 0 0 0 0 0
533 0 0 1 533 0 0 0 0 0
474 0 0 1 474 0 0 0 0 0
461 0 0 1 461 1 0 0 1 1
418 0 0 1 418 1 0 0 1 1
530 0 0 1 530 0 0 0 0 0
423 0 0 1 423 0 0 0 0 0
428 0 0 1 428 1 0 0 1 1
577 0 0 1 577 8 0 0 1 8
444 0 0 1 444 1 0 0 1 1
399 0 0 1 399 0 0 0 0 0
378 0 0 1 378 0 0 0 0 0
421 0 0 1 421 1 0 0 1 1
456 0 0 1 456 0 0 0 0 0
453 0 0 1 453 5 0 0 1 5
632 0 0 1 632 0 0 0 0 0
338 0 0 1 338 3 0 0 1 3
456 0 0 1 456 0 0 0 0 0
462 0 0 1 462 0 0 0 0 0
572 0 0 1 572 0 0 0 0 0
370 0 0 1 370 0 0 0 0 0
437 0 0 1 437 0 0 0 0 0
441 0 0 1 441 0 0 0 0 0
296 0 0 1 296 1 0 0 1 1
578 0 0 1 578 1 0 0 1 1
630 0 0 1 630 1 0 0 1 1
525 0 0 1 525 0 0 0 0 0
499 0 0 1 499 0 0 0 0 0
523 0 0 1 523 0 0 0 0 0
597 0 0 1 597 1 0 0 1 1
495 0 0 1 495 0 0 0 0 0
431 0 0 1 431 1 0 0 1 1
439 0 0 1 439 1 0 0 1 1
494 0 0 1 494 0 0 0 0 0
566 0 0 1 566 0 0 0 0 0
542 0 0 1 542 0 0 0 0 0
427 0 0 1 427 0 0 0 0 0
645 0 0 1 645 1 0 0 1 1
435 0 0 1 435 0 0 0 0 0
317 0 0 1 317 0 0 0 0 0
356 0 0 1 356 0 0 0 0 0
526 0 0 1 526 0 0 0 0 0
422 0 0 1 422 0 0 0 0 0
296 0 0 1 296 0 0 0 0 0
508 0 0 1 508 0 0 0 0 0
495 0 0 1 495 0 0 0 0 0
424 0 0 1 424 1 0 0 1 1
478 0 0 1 478 0 0 0 0 0
599 0 0 1 599 0 0 0 0 0
571 0 0 1 571 1 0 0 1 1
539 0 0 1 539 0 0 0 0 0
579 0 0 1 579 1 0 0 1 1
476 0 0 1 476 0 0 0 0 0
411 0 0 1 411 0 0 0 0 0
483 0 0 1 483 0 0 0 0 0
580 0 0 1 580 1 0 0 1 1
418 0 0 1 418 1 0 0 1 1
508 0 0 1 508 4 0 0 1 4
428 0 0 1 428 0 0 0 0 0
407 0 0 1 407 0 0 0 0 0
448 0 0 1 448 0 0 0 0 0
571 0 0 1 571 1 0 0 1 1
451 0 0 1 451 0 0 0 0 0
502 0 0 1 502 0 0 0 0 0
462 0 0 1 462 0 0 0 0 0
526 0 0 1 526 0 0 0 0 0
356 0 0 1 356 0 0 0 0 0
473 0 0 1 473 0 0 0 0 0
574 0 0 1 574 3 0 0 1 3
327 0 0 1 327 0 0 0 0 0
511 0 0 1 511 0 0 0 0 0
487 0 0 1 487 0 0 0 0 0
501 0 0 1 501 0 0 0 0 0
409 0 0 1 409 0 0 0 0 0
507 0 0 1 507 0 0 0 0 0
446 0 0 1 446 0 0 0 0 0
572 0 0 1 572 4 0 0 1 4
525 0 0 1 525 0 0 0 0 0
417 0 0 1 417 0 0 0 0 0
448 0 0 1 448 0 0 0 0 0
386 0 0 1 386 0 0 0 0 0
511 0 0 1 511 2 0 0 1 2
418 0 0 1 418 0 0 0 0 0
472 0 0 1 472 0 0 0 0 0
529 0 0 1 529 0 0 0 0 0
253 0 0 1 253 1 0 0 1 1
471 0 0 1 471 1 0 0 1 1
621 0 0 1 621 0 0 0 0 0
522 0 0 1 522 0 0 0 0 0
383 0 0 1 383 0 0 0 0 0
524 0 0 1 524 0 0 0 0 0
511 0 0 1 511 0 0 0 0 0
451 0 0 1 451 0 0 0 0 0
488 0 0 1 488 1 0 0 1 1
429 0 0 1 429 0 0 0 0 0
622 0 0 1 622 2 0 0 1 2
501 0 0 1 501 0 0 0 0 0
408 0 0 1 408 0 0 0 0 0
485 0 0 1 485 0 0 0 0 0
427 0 0 1 427 2 0 0 1 2
626 0 0 1 626 0 0 0 0 0
356 0 0 1 356 0 0 0 0 0
439 0 0 1 439 0 0 0 0 0
441 0 0 1 441 1 0 0 1 1
510 0 0 1 510 0 0 0 0 0
303 0 0 1 303 0 0 0 0 0
623 0 0 1 623 0 0 0 0 0
508 0 0 1 508 1 0 0 1 1
528 0 0 1 528 0 0 0 0 0
411 0 0 1 411 2 0 0 1 2
598 0 0 1 598 1 0 0 1 1
576 0 0 1 576 0 0 0 0 0
368 0 0 1 368 0 0 0 0 0
542 0 0 1 542 0 0 0 0 0
559 0 0 1 559 4 0 0 1 4
583 0 0 1 583 0 0 0 0 0
532 0 0 1 532 0 0 0 0 0
452 0 0 1 452 0 0 0 0 0
630 0 0 1 630 0 0 0 0 0
425 0 0 1 425 0 0 0 0 0
327 0 0 1 327 0 0 0 0 0
398 0 0 1 398 0 0 0 0 0
487 0 0 1 487 0 0 0 0 0
511 0 0 1 511 0 0 0 0 0
527 0 0 1 527 3 0 0 1 3
359 0 0 1 359 0 0 0 0 0
527 0 0 1 527 0 0 0 0 0
453 0 0 1 453 0 0 0 0 0
495 0 0 1 495 0 0 0 0 0
496 0 0 1 496 11 0 0 1 11
508 0 0 1 508 4 0 0 1 4
486 0 0 1 486 0 0 0 0 0
458 0 0 1 458 0 0 0 0 0
538 0 0 1 538 0 0 0 0 0
494 0 0 1 494 0 0 0 0 0
451 0 0 1 451 1 0 0 1 1
434 0 0 1 434 0 0 0 0 0
266 0 0 1 266 0 0 0 0 0
589 0 0 1 589 0 0 0 0 0
445 0 0 1 445 5 0 0 1 5
480 0 0 1 480 0 0 0 0 0
456 0 0 1 456 0 0 0 0 0
390 0 0 1 390 0 0 0 0 0
332 0 0 1 332 0 0 0 0 0
455 0 0 1 455 0 0 0 0 0
446 0 0 1 446 1 0 0 1 1
341 0 0 1 341 0 0 0 0 0
426 0 0 1 426 0 0 0 0 0
489 0 0 1 489 0 0 0 0 0
422 0 0 1 422 0 0 0 0 0
556 0 0 1 556 0 0 0 0 0
619 0 0 1 619 0 0 0 0 0
461 0 0 1 461 0 0 0 0 0
469 0 0 1 469 0 0 0 0 0
388 0 0 1 388 2 0 0 1 2
425 0 0 1 425 0 0 0 0 0
463 0 0 1 463 1 0 0 1 1
468 0 0 1 468 0 0 0 0 0
562 0 0 1 562 0 0 0 0 0
487 0 0 1 487 0 0 0 0 0
434 0 0 1 434 1 0 0 1 1
525 0 0 1 525 0 0 0 0 0
490 0 0 1 490 0 0 0 0 0
349 0 0 1 349 0 0 0 0 0
526 0 0 1 526 0 0 0 0 0
524 0 0 1 524 2 0 0 1 2
562 0 0 1 562 8 0 0 1 8
527 0 0 1 527 0 0 0 0 0
490 0 0 1 490 0 0 0 0 0
519 0 0 1 519 0 0 0 0 0
550 0 0 1 550 0 0 0 0 0
647 0 0 1 647 12 0 0 1 12
511 0 0 1 511 2 0 0 1 2
554 0 0 1 554 5 0 0 1 5
429 0 0 1 429 0 0 0 0 0
454 0 0 1 454 0 0 0 0 0
585 0 0 1 585 9 0 0 1 9
558 0 0 1 558 2 0 0 1 2
679 0 0 1 679 0 0 0 0 0
511 0 0 1 511 6 0 0 1 6
637 0 0 1 637 0 0 0 0 0
431 0 0 1 431 0 0 0 0 0
459 0 0 1 459 0 0 0 0 0
575 0 0 1 575 0 0 0 0 0
483 0 0 1 483 0 0 0 0 0
354 0 0 1 354 0 0 0 0 0
576 0 0 1 576 0 0 0 0 0
403 0 0 1 403 0 0 0 0 0
436 0 0 1 436 0 0 0 0 0
533 0 0 1 533 0 0 0 0 0
558 0 0 1 558 0 0 0 0 0
491 0 0 1 491 1 0 0 1 1
449 0 0 1 449 0 0 0 0 0
480 0 0 1 480 0 0 0 0 0
497 0 0 1 497 2 0 0 1 2
412 0 0 1 412 0 0 0 0 0
467 0 0 1 467 0 0 0 0 0
570 0 0 1 570 0 0 0 0 0
509 0 0 1 509 1 0 0 1 1
507 0 0 1 507 0 0 0 0 0
482 0 0 1 482 0 0 0 0 0
511 0 0 1 511 1 0 0 1 1
463 0 0 1 463 1 0 0 1 1
424 0 0 1 424 1 0 0 1 1
422 0 0 1 422 1 0 0 1 1
534 0 0 1 534 0 0 0 0 0
406 0 0 1 406 0 0 0 0 0
589 0 0 1 589 0 0 0 0 0
602 0 0 1 602 17 0 0 1 17
541 0 0 1 541 0 0 0 0 0
503 0 0 1 503 0 0 0 0 0
371 0 0 1 371 3 0 0 1 3
617 0 0 1 617 0 0 0 0 0
415 0 0 1 415 0 0 0 0 0
465 0 0 1 465 0 0 0 0 0
513 0 0 1 513 0 0 0 0 0
433 0 0 1 433 0 0 0 0 0
500 0 0 1 500 2 0 0 1 2
533 0 0 1 533 0 0 0 0 0
470 0 0 1 470 0 0 0 0 0
521 0 0 1 521 0 0 0 0 0
506 0 0 1 506 1 0 0 1 1
464 0 0 1 464 2 0 0 1 2
589 0 0 1 589 0 0 0 0 0
214 0 0 1 214 0 0 0 0 0
383 0 0 1 383 0 0 0 0 0
478 0 0 1 478 0 0 0 0 0
357 0 0 1 357 1 0 0 1 1
491 0 0 1 491 0 0 0 0 0
439 0 0 1 439 0 0 0 0 0
584 0 0 1 584 0 0 0 0 0
471 0 0 1 471 1 0 0 1 1
425 0 0 1 425 0 0 0 0 0
595 0 0 1 595 0 0 0 0 0
624 0 0 1 624 0 0 0 0 0
412 0 0 1 412 0 0 0 0 0
382 0 0 1 382 1 0 0 1 1
499 0 0 1 499 0 0 0 0 0
460 0 0 1 460 0 0 0 0 0
412 0 0 1 412 1 0 0 1 1
686 0 0 1 686 0 0 0 0 0
483 0 0 1 483 3 0 0 1 3
542 0 0 1 542 0 0 0 0 0
416 0 0 1 416 1 0 0 1 1
417 0 0 1 417 1 0 0 1 1
396 0 0 1 396 0 0 0 0 0
588 0 0 1 588 0 0 0 0 0
408 0 0 1 408 0 0 0 0 0
467 0 0 1 467 0 0 0 0 0
532 0 0 1 532 1 0 0 1 1
511 0 0 1 511 4 0 0 1 4
371 0 0 1 371 1 0 0 1 1
480 0 0 1 480 1 0 0 1 1
411 0 0 1 411 0 0 0 0 0
514 0 0 1 514 0 0 0 0 0
553 0 0 1 553 5 0 0 1 5
643 0 0 1 643 0 0 0 0 0
335 0 0 1 335 0 0 0 0 0
566 0 0 1 566 0 0 0 0 0
415 0 0 1 415 0 0 0 0 0
633 0 0 1 633 1 0 0 1 1
504 0 0 1 504 0 0 0 0 0
533 0 0 1 533 0 0 0 0 0
583 0 0 1 583 0 0 0 0 0
582 0 0 1 582 3 0 0 1 3
652 0 0 1 652 0 0 0 0 0
458 0 0 1 458 0 0 0 0 0
527 0 0 1 527 0 0 0 0 0
530 0 0 1 530 0 0 0 0 0
549 0 0 1 549 0 0 0 0 0
518 0 0 1 518 0 0 0 0 0
441 0 0 1 441 0 0 0 0 0
622 0 0 1 622 2 0 0 1 2
419 0 0 1 419 1 0 0 1 1
444 0 0 1 444 0 0 0 0 0
394 0 0 1 394 0 0 0 0 0
628 0 0 1 628 0 0 0 0 0
482 0 0 1 482 0 0 0 0 0
564 0 0 1 564 4 0 0 1 4
484 0 0 1 484 4 0 0 1 4
224 0 0 1 224 0 0 0 0 0
409 0 0 1 409 0 0 0 0 0
708 0 0 1 708 0 0 0 0 0
383 0 0 1 383 0 0 0 0 0
421 0 0 1 421 0 0 0 0 0
403 0 0 1 403 0 0 0 0 0
476 0 0 1 476 4 0 0 1 4
606 0 0 1 606 0 0 0 0 0
572 0 0 1 572 0 0 0 0 0
315 0 0 1 315 0 0 0 0 0
559 0 0 1 559 0 0 0 0 0
525 0 0 1 525 0 0 0 0 0
585 0 0 1 585 5 0 0 1 5
582 0 0 1 582 0 0 0 0 0
470 0 0 1 470 0 0 0 0 0
609 0 0 1 609 0 0 0 0 0
643 0 0 1 643 11 0 0 1 11
538 0 0 1 538 0 0 0 0 0
470 0 0 1 470 0 0 0 0 0
624 0 0 1 624 0 0 0 0 0
543 0 0 1 543 0 0 0 0 0
392 0 0 1 392 1 0 0 1 1
362 0 0 1 362 0 0 0 0 0
418 0 0 1 418 0 0 0 0 0
462 0 0 1 462 0 0 0 0 0
543 0 0 1 543 1 0 0 1 1
489 0 0 1 489 4 0 0 1 4
510 0 0 1 510 0 0 0 0 0
571 0 0 1 571 0 0 0 0 0
359 0 0 1 359 0 0 0 0 0
314 0 0 1 314 2 0 0 1 2
559 0 0 1 559 0 0 0 0 0
363 0 0 1 363 1 0 0 1 1
401 0 0 1 401 0 0 0 0 0
358 0 0 1 358 0 0 0 0 0
436 0 0 1 436 0 0 0 0 0
547 0 0 1 547 0 0 0 0 0
430 0 0 1 430 0 0 0 0 0
453 0 0 1 453 0 0 0 0 0
319 0 0 1 319 0 0 0 0 0
484 0 0 1 484 1 0 0 1 1
433 0 0 1 433 0 0 0 0 0
450 0 0 1 450 3 0 0 1 3
584 0 0 1 584 0 0 0 0 0
265 0 0 1 265 0 0 0 0 0
321 0 0 1 321 0 0 0 0 0
350 0 0 1 350 2 0 0 1 2
521 0 0 1 521 2 0 0 1 2
579 0 0 1 579 1 0 0 1 1
507 0 0 1 507 0 0 0 0 0
418 0 0 1 418 0 0 0 0 0
338 0 0 1 338 0 0 0 0 0
562 0 0 1 562 0 0 0 0 0
613 0 0 1 613 2 0 0 1 2
236 0 0 1 236 0 0 0 0 0
430 0 0 1 430 0 0 0 0 0
442 0 0 1 442 1 0 0 1 1
373 0 0 1 373 0 0 0 0 0
565 0 0 1 565 0 0 0 0 0
583 0 0 1 583 3 0 0 1 3
333 0 0 1 333 0 0 0 0 0
435 0 0 1 435 0 0 0 0 0
500 0 0 1 500 0 0 0 0 0
512 0 0 1 512 0 0 0 0 0
445 0 0 1 445 1 0 0 1 1
488 0 0 1 488 0 0 0 0 0
314 0 0 1 314 0 0 0 0 0
527 0 0 1 527 0 0 0 0 0
556 0 0 1 556 1 0 0 1 1
477 0 0 1 477 0 0 0 0 0
605 0 0 1 605 0 0 0 0 0
460 0 0 1 460 3 0 0 1 3
389 0 0 1 389 1 0 0 1 1
438 0 0 1 438 0 0 0 0 0
488 0 0 1 488 0 0 0 0 0
465 0 0 1 465 0 0 0 0 0
379 0 0 1 379 0 0 0 0 0
634 0 0 1 634 3 0 0 1 3
467 0 0 1 467 1 0 0 1 1
562 0 0 1 562 0 0 0 0 0
298 0 0 1 298 0 0 0 0 0
346 0 0 1 346 0 0 0 0 0
546 0 0 1 546 0 0 0 0 0
380 0 0 1 380 0 0 0 0 0
679 0 0 1 679 3 0 0 1 3
594 0 0 1 594 0 0 0 0 0
587 0 0 1 587 2 0 0 1 2
641 0 0 1 641 1 0 0 1 1
387 0 0 1 387 0 0 0 0 0
624 0 0 1 624 0 0 0 0 0
417 0 0 1 417 0 0 0 0 0
378 0 0 1 378 0 0 0 0 0
426 0 0 1 426 2 0 0 1 2
433 0 0 1 433 0 0 0 0 0
511 0 0 1 511 0 0 0 0 0
369 0 0 1 369 0 0 0 0 0
421 0 0 1 421 0 0 0 0 0
607 0 0 1 607 0 0 0 0 0
585 0 0 1 585 1 0 0 1 1
360 0 0 1 360 0 0 0 0 0
671 0 0 1 671 0 0 0 0 0
574 0 0 1 574 0 0 0 0 0
560 0 0 1 560 2 0 0 1 2
404 0 0 1 404 0 0 0 0 0
529 0 0 1 529 0 0 0 0 0
349 0 0 1 349 1 0 0 1 1
490 0 0 1 490 0 0 0 0 0
515 0 0 1 515 0 0 0 0 0
339 0 0 1 339 0 0 0 0 0
448 0 0 1 448 0 0 0 0 0
484 0 0 1 484 2 0 0 1 2
536 0 0 1 536 0 0 0 0 0
550 0 0 1 550 0 0 0 0 0
398 0 0 1 398 0 0 0 0 0
491 0 0 1 491 0 0 0 0 0
490 0 0 1 490 0 0 0 0 0
432 0 0 1 432 0 0 0 0 0
544 0 0 1 544 0 0 0 0 0
553 0 0 1 553 1 0 0 1 1
570 0 0 1 570 0 0 0 0 0
219 0 0 1 219 0 0 0 0 0
