343 0 0 1 343 103 18 0 2 121
423 0 0 1 423 29 3 0 2 32
451 0 0 1 451 42 1 0 2 43
422 0 0 1 422 68 4 0 2 72
438 0 0 1 438 100 7 0 2 107
454 0 0 1 454 18 6 0 2 24
423 0 0 1 423 79 18 0 2 97
467 0 0 1 467 23 4 0 2 27
400 0 0 1 400 88 6 0 2 94
439 0 0 1 439 31 1 1 3 33
433 0 0 1 433 37 4 0 2 41
428 0 0 1 428 106 16 0 2 122
414 0 0 1 414 22 2 0 2 24
383 0 0 1 383 35 7 1 3 43
405 0 0 1 405 32 5 0 2 37
461 0 0 1 461 34 5 0 2 39
497 0 0 1 497 28 3 1 3 32
446 0 0 1 446 33 3 0 2 36
457 0 0 1 457 21 1 0 2 22
473 0 0 1 473 20 0 0 1 20
426 0 0 1 426 37 1 0 2 38
451 0 0 1 451 29 5 0 2 34
438 0 0 1 438 50 1 0 2 51
428 0 0 1 428 34 2 0 2 36
463 0 0 1 463 78 6 0 2 84
338 0 0 1 338 69 20 0 2 89
359 0 0 1 359 70 2 0 2 72
396 0 0 1 396 36 5 0 2 41
449 0 0 1 449 40 3 0 2 43
412 0 0 1 412 38 6 0 2 44
423 0 0 1 423 28 3 0 2 31
426 0 0 1 426 66 8 2 3 76
413 0 0 1 413 58 16 0 2 74
458 0 0 1 458 30 5 0 2 35
430 0 0 1 430 14 2 0 2 16
409 0 0 1 409 66 20 0 2 86
487 0 0 1 487 23 1 1 3 25
439 0 0 1 439 36 1 0 2 37
404 0 0 1 404 43 0 0 1 43
435 0 0 1 435 32 4 0 2 36
353 0 0 1 353 45 5 0 2 50
465 0 0 1 465 21 2 0 2 23
418 0 0 1 418 34 6 0 2 40
427 0 0 1 427 38 3 0 2 41
475 0 0 1 475 26 3 0 2 29
438 0 0 1 438 29 4 0 2 33
457 0 0 1 457 55 10 0 2 65
447 0 0 1 447 22 0 0 1 22
386 0 0 1 386 91 11 0 2 102
383 0 0 1 383 50 4 0 2 54
464 0 0 1 464 22 3 0 2 25
487 0 0 1 487 29 4 0 2 33
440 0 0 1 440 30 3 0 2 33
353 0 0 1 353 61 4 0 2 65
349 0 0 1 349 47 5 0 2 52
453 0 0 1 453 57 4 0 2 61
398 0 0 1 398 63 3 0 2 66
384 0 0 1 384 37 5 2 3 44
402 0 0 1 402 46 6 0 2 52
429 0 0 1 429 70 10 0 2 80
438 0 0 1 438 47 10 0 2 57
423 0 0 1 423 50 8 0 2 58
470 0 0 1 470 64 7 0 2 71
443 0 0 1 443 30 4 0 2 34
439 0 0 1 439 23 3 0 2 26
388 0 0 1 388 37 6 0 2 43
460 0 0 1 460 43 6 1 3 50
458 0 0 1 458 26 2 0 2 28
456 0 0 1 456 37 6 0 2 43
399 0 0 1 399 39 4 2 3 45
413 0 0 1 413 16 5 0 2 21
433 0 0 1 433 57 13 0 2 70
466 0 0 1 466 18 7 1 3 26
443 0 0 1 443 23 4 0 2 27
393 0 0 1 393 25 8 0 2 33
438 0 0 1 438 29 1 1 3 31
439 0 0 1 439 73 6 0 2 79
444 0 0 1 444 27 2 0 2 29
373 0 0 1 373 98 11 0 2 109
378 0 0 1 378 41 6 0 2 47
432 0 0 1 432 36 14 0 2 50
414 0 0 1 414 72 3 0 2 75
462 0 0 1 462 28 2 0 2 30
476 0 0 1 476 21 4 1 3 26
375 0 0 1 375 26 9 0 2 35
428 0 0 1 428 35 6 0 2 41
374 0 0 1 374 74 3 0 2 77
436 0 0 1 436 32 2 0 2 34
498 0 0 1 498 18 3 0 2 21
419 0 0 1 419 39 2 0 2 41
490 0 0 1 490 33 3 3 3 39
396 0 0 1 396 57 8 2 3 67
460 0 0 1 460 16 2 0 2 18
519 0 0 1 519 27 2 0 2 29
416 0 0 1 416 37 2 0 2 39
403 0 0 1 403 80 5 0 2 85
393 0 0 1 393 96 9 0 2 105
398 0 0 1 398 30 9 0 2 39
449 0 0 1 449 37 1 0 2 38
468 0 0 1 468 25 4 0 2 29
392 0 0 1 392 90 4 0 2 94
366 0 0 1 366 110 23 0 2 133
454 0 0 1 454 27 1 0 2 28
469 0 0 1 469 19 8 0 2 27
445 0 0 1 445 36 4 0 2 40
440 0 0 1 440 36 5 0 2 41
444 0 0 1 444 25 1 0 2 26
431 0 0 1 431 106 8 0 2 114
410 0 0 1 410 12 0 0 1 12
494 0 0 1 494 17 3 0 2 20
472 0 0 1 472 23 3 0 2 26
399 0 0 1 399 76 3 0 2 79
463 0 0 1 463 32 1 0 2 33
446 0 0 1 446 33 2 0 2 35
441 0 0 1 441 32 4 0 2 36
439 0 0 1 439 39 4 0 2 43
430 0 0 1 430 49 3 0 2 52
499 0 0 1 499 16 2 0 2 18
389 0 0 1 389 48 4 0 2 52
407 0 0 1 407 71 4 0 2 75
458 0 0 1 458 24 4 0 2 28
473 0 0 1 473 13 1 0 2 14
495 0 0 1 495 24 5 0 2 29
433 0 0 1 433 27 0 0 1 27
444 0 0 1 444 32 7 0 2 39
373 0 0 1 373 81 3 0 2 84
383 0 0 1 383 41 3 0 2 44
383 0 0 1 383 29 1 0 2 30
353 0 0 1 353 42 4 0 2 46
351 0 0 1 351 57 6 0 2 63
372 0 0 1 372 28 6 0 2 34
398 0 0 1 398 55 5 0 2 60
408 0 0 1 408 35 1 0 2 36
458 0 0 1 458 30 2 0 2 32
459 0 0 1 459 25 3 3 3 31
407 0 0 1 407 22 1 0 2 23
400 0 0 1 400 47 4 0 2 51
474 0 0 1 474 28 0 0 1 28
409 0 0 1 409 21 3 0 2 24
406 0 0 1 406 32 4 0 2 36
378 0 0 1 378 24 0 0 1 24
392 0 0 1 392 44 9 1 3 54
468 0 0 1 468 30 4 0 2 34
377 0 0 1 377 105 23 0 2 128
447 0 0 1 447 32 3 0 2 35
439 0 0 1 439 40 4 0 2 44
407 0 0 1 407 37 6 0 2 43
462 0 0 1 462 10 3 0 2 13
414 0 0 1 414 42 3 1 3 46
523 0 0 1 523 21 2 0 2 23
431 0 0 1 431 56 8 0 2 64
395 0 0 1 395 36 2 0 2 38
417 0 0 1 417 41 6 0 2 47
350 0 0 1 350 59 15 0 2 74
457 0 0 1 457 28 5 0 2 33
388 0 0 1 388 97 26 0 2 123
448 0 0 1 448 20 1 0 2 21
391 0 0 1 391 36 1 0 2 37
411 0 0 1 411 31 1 0 2 32
424 0 0 1 424 21 1 0 2 22
425 0 0 1 425 36 2 0 2 38
409 0 0 1 409 76 7 0 2 83
423 0 0 1 423 28 4 0 2 32
428 0 0 1 428 64 3 1 3 68
461 0 0 1 461 58 20 0 2 78
365 0 0 1 365 84 23 0 2 107
404 0 0 1 404 56 6 0 2 62
466 0 0 1 466 22 0 0 1 22
426 0 0 1 426 27 3 0 2 30
483 0 0 1 483 34 4 1 3 39
408 0 0 1 408 90 7 0 2 97
419 0 0 1 419 58 6 0 2 64
473 0 0 1 473 32 1 0 2 33
380 0 0 1 380 48 6 0 2 54
477 0 0 1 477 27 0 1 3 28
432 0 0 1 432 31 6 0 2 37
439 0 0 1 439 49 11 0 2 60
381 0 0 1 381 33 6 0 2 39
438 0 0 1 438 30 5 0 2 35
428 0 0 1 428 39 8 0 2 47
417 0 0 1 417 31 1 0 2 32
427 0 0 1 427 82 2 0 2 84
429 0 0 1 429 78 16 0 2 94
458 0 0 1 458 26 1 1 3 28
470 0 0 1 470 16 1 0 2 17
406 0 0 1 406 36 2 0 2 38
424 0 0 1 424 68 16 0 2 84
428 0 0 1 428 35 8 0 2 43
458 0 0 1 458 54 16 0 2 70
473 0 0 1 473 74 11 0 2 85
447 0 0 1 447 31 3 0 2 34
389 0 0 1 389 50 3 0 2 53
397 0 0 1 397 47 4 0 2 51
379 0 0 1 379 37 3 0 2 40
465 0 0 1 465 22 3 0 2 25
414 0 0 1 414 45 11 0 2 56
415 0 0 1 415 42 5 0 2 47
436 0 0 1 436 43 6 0 2 49
419 0 0 1 419 44 2 0 2 46
491 0 0 1 491 49 1 3 3 53
442 0 0 1 442 26 1 0 2 27
419 0 0 1 419 44 3 1 3 48
421 0 0 1 421 25 0 0 1 25
416 0 0 1 416 46 3 0 2 49
482 0 0 1 482 31 3 0 2 34
441 0 0 1 441 76 3 1 3 80
380 0 0 1 380 83 6 0 2 89
405 0 0 1 405 59 5 0 2 64
420 0 0 1 420 31 10 0 2 41
420 0 0 1 420 43 7 0 2 50
366 0 0 1 366 55 6 0 2 61
453 0 0 1 453 22 8 0 2 30
368 0 0 1 368 52 5 0 2 57
466 0 0 1 466 26 1 0 2 27
390 0 0 1 390 70 6 0 2 76
330 0 0 1 330 42 6 0 2 48
377 0 0 1 377 19 2 0 2 21
436 0 0 1 436 54 5 2 3 61
359 0 0 1 359 84 21 0 2 105
407 0 0 1 407 40 2 0 2 42
391 0 0 1 391 105 34 0 2 139
414 0 0 1 414 53 3 0 2 56
394 0 0 1 394 67 5 0 2 72
410 0 0 1 410 23 1 0 2 24
405 0 0 1 405 17 0 0 1 17
431 0 0 1 431 43 10 0 2 53
447 0 0 1 447 37 3 1 3 41
404 0 0 1 404 34 7 0 2 41
405 0 0 1 405 47 2 0 2 49
419 0 0 1 419 34 0 0 1 34
427 0 0 1 427 21 3 0 2 24
340 0 0 1 340 67 3 0 2 70
393 0 0 1 393 35 3 0 2 38
423 0 0 1 423 73 11 0 2 84
409 0 0 1 409 74 9 0 2 83
379 0 0 1 379 80 0 0 1 80
428 0 0 1 428 57 6 0 2 63
395 0 0 1 395 42 0 0 1 42
399 0 0 1 399 43 8 0 2 51
445 0 0 1 445 47 2 0 2 49
453 0 0 1 453 33 2 0 2 35
483 0 0 1 483 71 11 0 2 82
416 0 0 1 416 64 15 0 2 79
405 0 0 1 405 46 6 0 2 52
417 0 0 1 417 30 1 0 2 31
415 0 0 1 415 42 2 0 2 44
427 0 0 1 427 60 6 0 2 66
448 0 0 1 448 54 4 0 2 58
433 0 0 1 433 34 3 0 2 37
470 0 0 1 470 23 2 0 2 25
396 0 0 1 396 47 8 0 2 55
401 0 0 1 401 123 23 0 2 146
422 0 0 1 422 43 4 0 2 47
402 0 0 1 402 46 6 0 2 52
445 0 0 1 445 38 7 0 2 45
418 0 0 1 418 16 4 0 2 20
467 0 0 1 467 8 2 0 2 10
414 0 0 1 414 41 4 0 2 45
444 0 0 1 444 41 9 1 3 51
428 0 0 1 428 21 4 0 2 25
420 0 0 1 420 38 7 0 2 45
462 0 0 1 462 30 3 0 2 33
434 0 0 1 434 84 7 0 2 91
370 0 0 1 370 72 32 0 2 104
431 0 0 1 431 33 10 0 2 43
403 0 0 1 403 86 15 0 2 101
407 0 0 1 407 17 2 0 2 19
375 0 0 1 375 26 3 0 2 29
384 0 0 1 384 66 7 0 2 73
382 0 0 1 382 44 3 0 2 47
454 0 0 1 454 22 2 0 2 24
356 0 0 1 356 87 27 1 3 115
360 0 0 1 360 93 19 0 2 112
396 0 0 1 396 34 7 0 2 41
464 0 0 1 464 46 2 0 2 48
346 0 0 1 346 106 7 0 2 113
441 0 0 1 441 51 1 0 2 52
419 0 0 1 419 34 6 0 2 40
456 0 0 1 456 38 0 0 1 38
439 0 0 1 439 43 4 1 3 48
357 0 0 1 357 75 9 0 2 84
396 0 0 1 396 104 12 0 2 116
424 0 0 1 424 45 1 0 2 46
412 0 0 1 412 31 4 0 2 35
382 0 0 1 382 46 3 0 2 49
387 0 0 1 387 74 12 1 3 87
416 0 0 1 416 38 5 1 3 44
468 0 0 1 468 32 1 1 3 34
395 0 0 1 395 31 4 0 2 35
430 0 0 1 430 65 11 2 3 78
410 0 0 1 410 51 4 0 2 55
407 0 0 1 407 20 0 0 1 20
418 0 0 1 418 88 11 0 2 99
428 0 0 1 428 24 1 1 3 26
392 0 0 1 392 39 5 0 2 44
346 0 0 1 346 39 6 0 2 45
446 0 0 1 446 34 4 0 2 38
489 0 0 1 489 27 3 0 2 30
423 0 0 1 423 36 1 0 2 37
430 0 0 1 430 47 6 0 2 53
396 0 0 1 396 87 19 0 2 106
367 0 0 1 367 26 5 0 2 31
479 0 0 1 479 15 4 0 2 19
463 0 0 1 463 24 2 0 2 26
389 0 0 1 389 80 14 0 2 94
403 0 0 1 403 21 4 0 2 25
376 0 0 1 376 76 13 0 2 89
411 0 0 1 411 45 0 0 1 45
422 0 0 1 422 60 4 1 3 65
432 0 0 1 432 76 6 0 2 82
420 0 0 1 420 32 1 0 2 33
348 0 0 1 348 33 5 0 2 38
404 0 0 1 404 29 2 0 2 31
391 0 0 1 391 44 1 0 2 45
441 0 0 1 441 38 4 0 2 42
441 0 0 1 441 82 29 0 2 111
445 0 0 1 445 78 19 0 2 97
432 0 0 1 432 37 5 0 2 42
430 0 0 1 430 15 1 0 2 16
412 0 0 1 412 31 7 0 2 38
365 0 0 1 365 72 9 0 2 81
367 0 0 1 367 37 4 0 2 41
427 0 0 1 427 41 2 0 2 43
451 0 0 1 451 76 18 0 2 94
408 0 0 1 408 37 3 0 2 40
409 0 0 1 409 27 8 0 2 35
411 0 0 1 411 15 1 0 2 16
422 0 0 1 422 29 4 0 2 33
457 0 0 1 457 13 2 0 2 15
425 0 0 1 425 42 8 0 2 50
350 0 0 1 350 38 2 0 2 40
451 0 0 1 451 14 0 0 1 14
428 0 0 1 428 28 3 0 2 31
390 0 0 1 390 82 3 0 2 85
414 0 0 1 414 61 16 1 3 78
405 0 0 1 405 32 2 0 2 34
394 0 0 1 394 77 11 0 2 88
428 0 0 1 428 23 6 2 3 31
335 0 0 1 335 44 9 0 2 53
390 0 0 1 390 96 31 6 3 133
451 0 0 1 451 38 2 0 2 40
368 0 0 1 368 91 12 0 2 103
420 0 0 1 420 26 2 0 2 28
419 0 0 1 419 28 5 0 2 33
449 0 0 1 449 28 3 0 2 31
400 0 0 1 400 29 5 1 3 35
381 0 0 1 381 108 16 0 2 124
416 0 0 1 416 32 6 0 2 38
467 0 0 1 467 34 2 0 2 36
349 0 0 1 349 39 8 0 2 47
389 0 0 1 389 45 12 0 2 57
418 0 0 1 418 66 2 0 2 68
494 0 0 1 494 32 4 0 2 36
491 0 0 1 491 26 5 0 2 31
421 0 0 1 421 37 10 0 2 47
404 0 0 1 404 8 0 0 1 8
440 0 0 1 440 28 3 0 2 31
391 0 0 1 391 36 6 0 2 42
407 0 0 1 407 45 2 0 2 47
422 0 0 1 422 34 3 0 2 37
414 0 0 1 414 75 11 0 2 86
464 0 0 1 464 34 10 0 2 44
342 0 0 1 342 43 5 0 2 48
425 0 0 1 425 59 7 0 2 66
456 0 0 1 456 30 4 0 2 34
430 0 0 1 430 25 3 0 2 28
358 0 0 1 358 23 1 0 2 24
416 0 0 1 416 30 2 0 2 32
338 0 0 1 338 40 3 0 2 43
444 0 0 1 444 24 5 0 2 29
520 0 0 1 520 27 2 0 2 29
415 0 0 1 415 93 9 0 2 102
423 0 0 1 423 35 2 0 2 37
407 0 0 1 407 42 0 0 1 42
443 0 0 1 443 55 4 0 2 59
371 0 0 1 371 50 6 0 2 56
438 0 0 1 438 22 0 0 1 22
428 0 0 1 428 65 4 0 2 69
381 0 0 1 381 74 20 0 2 94
428 0 0 1 428 44 5 0 2 49
357 0 0 1 357 112 7 0 2 119
424 0 0 1 424 72 4 0 2 76
399 0 0 1 399 41 9 0 2 50
461 0 0 1 461 18 1 0 2 19
459 0 0 1 459 22 3 0 2 25
419 0 0 1 419 44 1 0 2 45
369 0 0 1 369 61 5 0 2 66
452 0 0 1 452 28 5 0 2 33
452 0 0 1 452 31 6 0 2 37
379 0 0 1 379 67 6 0 2 73
432 0 0 1 432 59 3 0 2 62
431 0 0 1 431 39 6 0 2 45
373 0 0 1 373 91 9 0 2 100
445 0 0 1 445 92 8 0 2 100
464 0 0 1 464 37 1 0 2 38
442 0 0 1 442 34 2 0 2 36
409 0 0 1 409 43 1 0 2 44
398 0 0 1 398 55 5 3 3 63
447 0 0 1 447 86 9 0 2 95
446 0 0 1 446 99 5 0 2 104
353 0 0 1 353 46 10 0 2 56
402 0 0 1 402 53 1 0 2 54
503 0 0 1 503 19 0 0 1 19
424 0 0 1 424 74 0 0 1 74
461 0 0 1 461 23 1 0 2 24
361 0 0 1 361 74 16 0 2 90
392 0 0 1 392 38 0 0 1 38
444 0 0 1 444 16 1 0 2 17
426 0 0 1 426 34 3 0 2 37
400 0 0 1 400 91 18 0 2 109
377 0 0 1 377 44 9 0 2 53
445 0 0 1 445 32 3 0 2 35
421 0 0 1 421 27 3 0 2 30
412 0 0 1 412 28 2 0 2 30
379 0 0 1 379 45 5 0 2 50
433 0 0 1 433 49 7 1 3 57
435 0 0 1 435 45 4 0 2 49
386 0 0 1 386 85 34 0 2 119
458 0 0 1 458 59 8 0 2 67
396 0 0 1 396 104 7 0 2 111
411 0 0 1 411 74 2 0 2 76
400 0 0 1 400 58 10 0 2 68
375 0 0 1 375 94 5 0 2 99
458 0 0 1 458 78 0 0 1 78
409 0 0 1 409 64 4 0 2 68
425 0 0 1 425 36 2 0 2 38
353 0 0 1 353 47 2 0 2 49
436 0 0 1 436 37 4 0 2 41
383 0 0 1 383 88 0 0 1 88
466 0 0 1 466 35 3 2 3 40
443 0 0 1 443 70 1 0 2 71
413 0 0 1 413 33 1 0 2 34
399 0 0 1 399 72 16 0 2 88
430 0 0 1 430 54 23 0 2 77
398 0 0 1 398 81 11 0 2 92
397 0 0 1 397 83 7 0 2 90
385 0 0 1 385 109 9 0 2 118
484 0 0 1 484 30 2 0 2 32
446 0 0 1 446 77 14 0 2 91
379 0 0 1 379 32 5 0 2 37
407 0 0 1 407 17 2 0 2 19
492 0 0 1 492 31 6 0 2 37
440 0 0 1 440 24 5 0 2 29
450 0 0 1 450 59 9 0 2 68
420 0 0 1 420 35 3 0 2 38
459 0 0 1 459 20 1 0 2 21
468 0 0 1 468 66 6 0 2 72
419 0 0 1 419 62 1 1 3 64
347 0 0 1 347 60 11 0 2 71
413 0 0 1 413 26 0 2 3 28
388 0 0 1 388 83 14 0 2 97
354 0 0 1 354 81 8 0 2 89
437 0 0 1 437 84 5 0 2 89
348 0 0 1 348 47 8 0 2 55
415 0 0 1 415 33 7 0 2 40
478 0 0 1 478 25 2 0 2 27
441 0 0 1 441 28 2 0 2 30
417 0 0 1 417 34 3 0 2 37
397 0 0 1 397 21 5 0 2 26
367 0 0 1 367 90 20 0 2 110
531 0 0 1 531 34 4 0 2 38
426 0 0 1 426 46 5 2 3 53
470 0 0 1 470 24 4 0 2 28
397 0 0 1 397 36 5 0 2 41
407 0 0 1 407 20 6 1 3 27
442 0 0 1 442 17 3 0 2 20
401 0 0 1 401 49 25 0 2 74
416 0 0 1 416 41 1 0 2 42
391 0 0 1 391 43 12 0 2 55
404 0 0 1 404 89 3 0 2 92
476 0 0 1 476 35 2 0 2 37
435 0 0 1 435 63 1 0 2 64
488 0 0 1 488 36 3 0 2 39
515 0 0 1 515 31 5 0 2 36
495 0 0 1 495 15 10 0 2 25
373 0 0 1 373 28 6 0 2 34
426 0 0 1 426 27 5 1 3 33
416 0 0 1 416 33 10 0 2 43
427 0 0 1 427 42 3 0 2 45
407 0 0 1 407 70 0 0 1 70
361 0 0 1 361 40 1 0 2 41
441 0 0 1 441 33 5 0 2 38
477 0 0 1 477 25 1 0 2 26
417 0 0 1 417 85 7 0 2 92
439 0 0 1 439 28 7 0 2 35
449 0 0 1 449 18 2 0 2 20
445 0 0 1 445 48 0 0 1 48
394 0 0 1 394 30 5 0 2 35
412 0 0 1 412 92 9 0 2 101
456 0 0 1 456 28 2 0 2 30
466 0 0 1 466 26 2 0 2 28
403 0 0 1 403 45 5 0 2 50
422 0 0 1 422 34 3 0 2 37
424 0 0 1 424 43 2 0 2 45
393 0 0 1 393 58 9 0 2 67
421 0 0 1 421 24 4 0 2 28
477 0 0 1 477 37 3 0 2 40
444 0 0 1 444 30 5 0 2 35
430 0 0 1 430 59 11 0 2 70
484 0 0 1 484 22 4 0 2 26
442 0 0 1 442 29 5 0 2 34
401 0 0 1 401 56 11 0 2 67
507 0 0 1 507 15 0 0 1 15
430 0 0 1 430 39 6 0 2 45
320 0 0 1 320 48 4 0 2 52
404 0 0 1 404 49 7 0 2 56
447 0 0 1 447 28 6 0 2 34
388 0 0 1 388 32 2 0 2 34
434 0 0 1 434 51 8 0 2 59
455 0 0 1 455 45 4 0 2 49
398 0 0 1 398 72 17 0 2 89
420 0 0 1 420 26 0 0 1 26
496 0 0 1 496 30 4 0 2 34
416 0 0 1 416 43 4 0 2 47
393 0 0 1 393 41 4 0 2 45
464 0 0 1 464 48 1 2 3 51
374 0 0 1 374 34 1 0 2 35
447 0 0 1 447 52 4 0 2 56
415 0 0 1 415 45 3 0 2 48
476 0 0 1 476 37 5 1 3 43
459 0 0 1 459 42 2 0 2 44
444 0 0 1 444 51 2 0 2 53
454 0 0 1 454 38 1 0 2 39
360 0 0 1 360 44 7 0 2 51
414 0 0 1 414 36 4 1 3 41
429 0 0 1 429 43 3 0 2 46
424 0 0 1 424 85 8 0 2 93
403 0 0 1 403 44 3 0 2 47
450 0 0 1 450 43 1 0 2 44
419 0 0 1 419 40 3 0 2 43
393 0 0 1 393 19 1 0 2 20
359 0 0 1 359 49 3 0 2 52
398 0 0 1 398 66 0 0 1 66
433 0 0 1 433 28 1 0 2 29
453 0 0 1 453 37 10 1 3 48
407 0 0 1 407 81 14 0 2 95
384 0 0 1 384 58 5 0 2 63
447 0 0 1 447 24 5 0 2 29
407 0 0 1 407 69 7 0 2 76
373 0 0 1 373 75 12 2 3 89
425 0 0 1 425 33 2 0 2 35
375 0 0 1 375 28 1 0 2 29
492 0 0 1 492 21 2 0 2 23
436 0 0 1 436 33 6 0 2 39
514 0 0 1 514 37 9 0 2 46
457 0 0 1 457 20 2 0 2 22
359 0 0 1 359 59 2 0 2 61
429 0 0 1 429 32 3 0 2 35
417 0 0 1 417 39 6 0 2 45
372 0 0 1 372 38 1 0 2 39
448 0 0 1 448 49 0 0 1 49
468 0 0 1 468 26 4 0 2 30
448 0 0 1 448 32 4 1 3 37
373 0 0 1 373 20 2 0 2 22
382 0 0 1 382 58 3 0 2 61
413 0 0 1 413 88 12 0 2 100
376 0 0 1 376 67 0 0 1 67
424 0 0 1 424 34 1 0 2 35
480 0 0 1 480 45 4 0 2 49
420 0 0 1 420 69 11 0 2 80
419 0 0 1 419 23 4 0 2 27
382 0 0 1 382 58 5 0 2 63
452 0 0 1 452 42 4 1 3 47
501 0 0 1 501 25 0 0 1 25
371 0 0 1 371 40 5 0 2 45
399 0 0 1 399 54 4 0 2 58
452 0 0 1 452 34 10 0 2 44
412 0 0 1 412 34 8 1 3 43
397 0 0 1 397 15 0 0 1 15
443 0 0 1 443 21 3 0 2 24
441 0 0 1 441 24 9 0 2 33
401 0 0 1 401 74 7 0 2 81
421 0 0 1 421 31 0 0 1 31
441 0 0 1 441 54 18 0 2 72
425 0 0 1 425 43 1 0 2 44
467 0 0 1 467 31 2 0 2 33
419 0 0 1 419 32 2 0 2 34
444 0 0 1 444 57 4 0 2 61
451 0 0 1 451 105 2 0 2 107
494 0 0 1 494 24 2 0 2 26
425 0 0 1 425 19 5 0 2 24
403 0 0 1 403 22 2 0 2 24
385 0 0 1 385 38 5 0 2 43
408 0 0 1 408 30 4 0 2 34
379 0 0 1 379 97 19 0 2 116
416 0 0 1 416 26 2 0 2 28
396 0 0 1 396 69 10 0 2 79
469 0 0 1 469 16 0 0 1 16
489 0 0 1 489 27 4 0 2 31
421 0 0 1 421 29 6 1 3 36
434 0 0 1 434 28 2 0 2 30
375 0 0 1 375 63 0 0 1 63
419 0 0 1 419 66 3 0 2 69
388 0 0 1 388 66 16 0 2 82
441 0 0 1 441 47 0 0 1 47
436 0 0 1 436 78 8 0 2 86
419 0 0 1 419 35 3 0 2 38
490 0 0 1 490 26 3 0 2 29
407 0 0 1 407 8 0 0 1 8
402 0 0 1 402 31 8 0 2 39
463 0 0 1 463 33 7 0 2 40
426 0 0 1 426 39 6 0 2 45
425 0 0 1 425 30 0 0 1 30
446 0 0 1 446 34 5 4 3 43
415 0 0 1 415 14 4 0 2 18
457 0 0 1 457 24 3 0 2 27
411 0 0 1 411 73 18 0 2 91
366 0 0 1 366 47 2 0 2 49
439 0 0 1 439 27 3 0 2 30
391 0 0 1 391 81 11 0 2 92
407 0 0 1 407 30 4 0 2 34
446 0 0 1 446 33 2 0 2 35
438 0 0 1 438 31 5 0 2 36
447 0 0 1 447 54 6 0 2 60
449 0 0 1 449 28 4 1 3 33
416 0 0 1 416 43 5 0 2 48
394 0 0 1 394 23 5 1 3 29
420 0 0 1 420 36 7 0 2 43
411 0 0 1 411 45 14 0 2 59
500 0 0 1 500 32 6 0 2 38
436 0 0 1 436 37 3 0 2 40
373 0 0 1 373 28 0 0 1 28
384 0 0 1 384 51 12 0 2 63
444 0 0 1 444 32 11 0 2 43
484 0 0 1 484 19 1 0 2 20
405 0 0 1 405 38 0 2 3 40
439 0 0 1 439 29 1 0 2 30
380 0 0 1 380 45 9 0 2 54
415 0 0 1 415 21 4 0 2 25
436 0 0 1 436 79 18 0 2 97
445 0 0 1 445 27 3 1 3 31
380 0 0 1 380 42 3 0 2 45
454 0 0 1 454 28 3 0 2 31
383 0 0 1 383 30 6 0 2 36
431 0 0 1 431 56 5 0 2 61
366 0 0 1 366 100 17 0 2 117
472 0 0 1 472 91 7 0 2 98
443 0 0 1 443 48 4 1 3 53
401 0 0 1 401 50 12 0 2 62
406 0 0 1 406 53 2 0 2 55
490 0 0 1 490 31 7 0 2 38
408 0 0 1 408 69 13 0 2 82
423 0 0 1 423 34 3 0 2 37
468 0 0 1 468 29 2 0 2 31
477 0 0 1 477 19 3 0 2 22
407 0 0 1 407 16 3 0 2 19
429 0 0 1 429 59 7 0 2 66
443 0 0 1 443 36 7 0 2 43
368 0 0 1 368 72 7 0 2 79
402 0 0 1 402 40 3 0 2 43
373 0 0 1 373 38 1 0 2 39
409 0 0 1 409 32 5 0 2 37
407 0 0 1 407 82 13 0 2 95
421 0 0 1 421 29 4 1 3 34
471 0 0 1 471 15 3 0 2 18
466 0 0 1 466 32 3 0 2 35
408 0 0 1 408 27 3 0 2 30
432 0 0 1 432 53 11 2 3 66
427 0 0 1 427 34 2 0 2 36
448 0 0 1 448 23 4 0 2 27
372 0 0 1 372 68 8 0 2 76
393 0 0 1 393 40 2 0 2 42
427 0 0 1 427 33 5 1 3 39
464 0 0 1 464 77 9 0 2 86
408 0 0 1 408 38 2 1 3 41
341 0 0 1 341 109 26 0 2 135
361 0 0 1 361 50 1 0 2 51
503 0 0 1 503 24 2 1 3 27
482 0 0 1 482 37 5 0 2 42
429 0 0 1 429 37 0 0 1 37
423 0 0 1 423 60 1 0 2 61
443 0 0 1 443 28 16 0 2 44
412 0 0 1 412 77 8 0 2 85
360 0 0 1 360 47 1 0 2 48
450 0 0 1 450 66 1 0 2 67
479 0 0 1 479 44 4 0 2 48
366 0 0 1 366 95 20 0 2 115
429 0 0 1 429 31 3 0 2 34
399 0 0 1 399 23 4 0 2 27
435 0 0 1 435 45 6 0 2 51
405 0 0 1 405 47 7 0 2 54
356 0 0 1 356 39 3 0 2 42
448 0 0 1 448 71 10 0 2 81
459 0 0 1 459 35 5 0 2 40
373 0 0 1 373 34 4 0 2 38
406 0 0 1 406 27 0 0 1 27
462 0 0 1 462 28 1 0 2 29
421 0 0 1 421 35 0 0 1 35
486 0 0 1 486 19 3 0 2 22
457 0 0 1 457 29 3 0 2 32
410 0 0 1 410 35 2 0 2 37
384 0 0 1 384 55 15 0 2 70
404 0 0 1 404 54 3 0 2 57
457 0 0 1 457 25 3 0 2 28
441 0 0 1 441 43 2 0 2 45
463 0 0 1 463 25 4 0 2 29
426 0 0 1 426 78 8 0 2 86
430 0 0 1 430 28 4 0 2 32
409 0 0 1 409 66 8 0 2 74
522 0 0 1 522 16 6 0 2 22
457 0 0 1 457 12 1 0 2 13
488 0 0 1 488 23 0 0 1 23
415 0 0 1 415 47 7 0 2 54
411 0 0 1 411 71 0 0 1 71
432 0 0 1 432 80 6 0 2 86
437 0 0 1 437 14 4 0 2 18
484 0 0 1 484 39 0 0 1 39
419 0 0 1 419 29 5 0 2 34
448 0 0 1 448 25 3 0 2 28
467 0 0 1 467 77 15 0 2 92
441 0 0 1 441 62 6 0 2 68
445 0 0 1 445 47 8 0 2 55
411 0 0 1 411 30 2 0 2 32
404 0 0 1 404 74 10 0 2 84
368 0 0 1 368 76 0 0 1 76
385 0 0 1 385 29 5 0 2 34
409 0 0 1 409 49 5 0 2 54
507 0 0 1 507 42 8 0 2 50
383 0 0 1 383 23 1 0 2 24
446 0 0 1 446 19 1 0 2 20
415 0 0 1 415 71 20 0 2 91
376 0 0 1 376 29 4 0 2 33
400 0 0 1 400 22 2 0 2 24
398 0 0 1 398 46 7 0 2 53
381 0 0 1 381 32 7 0 2 39
402 0 0 1 402 16 5 0 2 21
419 0 0 1 419 56 6 0 2 62
454 0 0 1 454 51 5 0 2 56
438 0 0 1 438 19 2 0 2 21
461 0 0 1 461 39 6 0 2 45
412 0 0 1 412 74 13 0 2 87
401 0 0 1 401 72 5 0 2 77
342 0 0 1 342 64 9 0 2 73
453 0 0 1 453 28 0 0 1 28
449 0 0 1 449 19 3 0 2 22
348 0 0 1 348 47 6 0 2 53
385 0 0 1 385 45 3 0 2 48
466 0 0 1 466 34 8 1 3 43
421 0 0 1 421 24 10 0 2 34
389 0 0 1 389 21 4 0 2 25
376 0 0 1 376 72 4 0 2 76
484 0 0 1 484 23 4 0 2 27
429 0 0 1 429 93 17 0 2 110
410 0 0 1 410 27 4 0 2 31
420 0 0 1 420 29 3 0 2 32
422 0 0 1 422 64 2 0 2 66
444 0 0 1 444 23 3 0 2 26
420 0 0 1 420 30 5 0 2 35
461 0 0 1 461 19 1 0 2 20
465 0 0 1 465 28 7 0 2 35
421 0 0 1 421 77 4 0 2 81
446 0 0 1 446 34 0 0 1 34
382 0 0 1 382 75 7 0 2 82
424 0 0 1 424 18 3 0 2 21
435 0 0 1 435 71 3 0 2 74
444 0 0 1 444 24 4 0 2 28
438 0 0 1 438 26 9 0 2 35
501 0 0 1 501 42 5 0 2 47
421 0 0 1 421 56 6 0 2 62
408 0 0 1 408 32 1 0 2 33
467 0 0 1 467 25 8 0 2 33
389 0 0 1 389 98 17 0 2 115
441 0 0 1 441 15 5 0 2 20
428 0 0 1 428 54 7 0 2 61
400 0 0 1 400 31 5 0 2 36
451 0 0 1 451 20 1 0 2 21
504 0 0 1 504 25 1 0 2 26
321 0 0 1 321 73 9 0 2 82
477 0 0 1 477 35 3 1 3 39
428 0 0 1 428 18 4 0 2 22
399 0 0 1 399 69 4 3 3 76
412 0 0 1 412 80 10 0 2 90
436 0 0 1 436 28 5 0 2 33
379 0 0 1 379 39 2 0 2 41
467 0 0 1 467 43 9 0 2 52
377 0 0 1 377 49 18 0 2 67
449 0 0 1 449 101 13 0 2 114
402 0 0 1 402 45 2 0 2 47
448 0 0 1 448 18 3 0 2 21
429 0 0 1 429 32 3 0 2 35
456 0 0 1 456 28 1 0 2 29
407 0 0 1 407 73 7 0 2 80
445 0 0 1 445 51 3 0 2 54
414 0 0 1 414 40 4 0 2 44
440 0 0 1 440 31 2 0 2 33
490 0 0 1 490 36 4 2 3 42
396 0 0 1 396 68 7 0 2 75
492 0 0 1 492 46 1 1 3 48
375 0 0 1 375 97 15 0 2 112
459 0 0 1 459 18 6 0 2 24
476 0 0 1 476 34 3 0 2 37
370 0 0 1 370 68 49 0 2 117
378 0 0 1 378 45 5 0 2 50
438 0 0 1 438 45 3 0 2 48
383 0 0 1 383 52 8 0 2 60
479 0 0 1 479 25 2 0 2 27
422 0 0 1 422 31 8 1 3 40
453 0 0 1 453 28 8 0 2 36
429 0 0 1 429 22 5 0 2 27
432 0 0 1 432 61 8 0 2 69
397 0 0 1 397 88 9 0 2 97
391 0 0 1 391 47 7 0 2 54
406 0 0 1 406 81 9 0 2 90
426 0 0 1 426 40 10 0 2 50
435 0 0 1 435 35 1 0 2 36
487 0 0 1 487 26 4 1 3 31
424 0 0 1 424 34 5 0 2 39
432 0 0 1 432 31 3 0 2 34
435 0 0 1 435 31 4 0 2 35
437 0 0 1 437 103 10 0 2 113
387 0 0 1 387 47 7 1 3 55
440 0 0 1 440 36 1 0 2 37
404 0 0 1 404 36 2 0 2 38
427 0 0 1 427 38 15 0 2 53
452 0 0 1 452 38 1 0 2 39
351 0 0 1 351 69 9 0 2 78
448 0 0 1 448 39 5 2 3 46
398 0 0 1 398 73 8 0 2 81
356 0 0 1 356 70 8 0 2 78
423 0 0 1 423 34 2 0 2 36
447 0 0 1 447 57 3 0 2 60
461 0 0 1 461 35 7 0 2 42
494 0 0 1 494 20 2 0 2 22
420 0 0 1 420 31 5 0 2 36
420 0 0 1 420 34 3 0 2 37
461 0 0 1 461 26 4 0 2 30
355 0 0 1 355 50 7 2 3 59
452 0 0 1 452 55 5 0 2 60
483 0 0 1 483 44 3 0 2 47
434 0 0 1 434 11 3 0 2 14
473 0 0 1 473 37 3 0 2 40
374 0 0 1 374 24 6 0 2 30
458 0 0 1 458 22 1 0 2 23
399 0 0 1 399 36 4 0 2 40
395 0 0 1 395 15 4 0 2 19
499 0 0 1 499 35 4 0 2 39
393 0 0 1 393 26 3 0 2 29
387 0 0 1 387 41 1 0 2 42
455 0 0 1 455 24 3 0 2 27
487 0 0 1 487 28 1 1 3 30
468 0 0 1 468 30 4 0 2 34
415 0 0 1 415 59 9 0 2 68
450 0 0 1 450 41 3 0 2 44
406 0 0 1 406 24 0 0 1 24
450 0 0 1 450 31 2 0 2 33
384 0 0 1 384 36 5 0 2 41
444 0 0 1 444 32 5 0 2 37
413 0 0 1 413 63 8 0 2 71
440 0 0 1 440 29 3 0 2 32
424 0 0 1 424 66 4 0 2 70
413 0 0 1 413 26 4 0 2 30
453 0 0 1 453 25 2 0 2 27
421 0 0 1 421 67 7 0 2 74
403 0 0 1 403 25 3 0 2 28
418 0 0 1 418 44 5 0 2 49
463 0 0 1 463 62 17 0 2 79
429 0 0 1 429 26 5 0 2 31
411 0 0 1 411 36 5 0 2 41
394 0 0 1 394 17 2 0 2 19
373 0 0 1 373 37 7 0 2 44
418 0 0 1 418 38 4 0 2 42
472 0 0 1 472 36 1 0 2 37
420 0 0 1 420 68 5 0 2 73
381 0 0 1 381 96 20 3 3 119
429 0 0 1 429 48 9 0 2 57
447 0 0 1 447 27 3 0 2 30
388 0 0 1 388 96 11 0 2 107
509 0 0 1 509 26 2 0 2 28
415 0 0 1 415 43 1 1 3 45
429 0 0 1 429 51 14 0 2 65
502 0 0 1 502 25 0 0 1 25
440 0 0 1 440 116 20 0 2 136
380 0 0 1 380 45 9 0 2 54
426 0 0 1 426 30 7 0 2 37
459 0 0 1 459 33 2 0 2 35
437 0 0 1 437 81 16 0 2 97
406 0 0 1 406 20 0 0 1 20
466 0 0 1 466 39 2 0 2 41
382 0 0 1 382 72 11 0 2 83
414 0 0 1 414 74 27 0 2 101
384 0 0 1 384 56 0 0 1 56
426 0 0 1 426 28 1 0 2 29
435 0 0 1 435 42 11 0 2 53
367 0 0 1 367 40 1 0 2 41
411 0 0 1 411 97 8 0 2 105
412 0 0 1 412 51 2 2 3 55
382 0 0 1 382 60 6 0 2 66
403 0 0 1 403 53 3 1 3 57
391 0 0 1 391 35 2 1 3 38
378 0 0 1 378 47 8 0 2 55
362 0 0 1 362 27 5 0 2 32
402 0 0 1 402 39 4 0 2 43
394 0 0 1 394 77 20 0 2 97
474 0 0 1 474 18 0 0 1 18
479 0 0 1 479 30 9 0 2 39
382 0 0 1 382 79 9 0 2 88
431 0 0 1 431 34 10 0 2 44
393 0 0 1 393 69 3 0 2 72
467 0 0 1 467 40 3 0 2 43
469 0 0 1 469 18 3 0 2 21
386 0 0 1 386 41 7 0 2 48
408 0 0 1 408 79 40 0 2 119
402 0 0 1 402 48 12 0 2 60
377 0 0 1 377 51 8 0 2 59
415 0 0 1 415 42 10 2 3 54
380 0 0 1 380 61 16 0 2 77
349 0 0 1 349 61 7 0 2 68
397 0 0 1 397 38 2 0 2 40
356 0 0 1 356 125 7 0 2 132
478 0 0 1 478 77 6 0 2 83
480 0 0 1 480 21 1 0 2 22
466 0 0 1 466 14 2 0 2 16
416 0 0 1 416 24 4 0 2 28
378 0 0 1 378 66 4 0 2 70
431 0 0 1 431 29 0 0 1 29
423 0 0 1 423 37 0 0 1 37
468 0 0 1 468 25 4 0 2 29
401 0 0 1 401 39 4 0 2 43
441 0 0 1 441 37 5 0 2 42
379 0 0 1 379 73 5 0 2 78
388 0 0 1 388 62 5 2 3 69
451 0 0 1 451 35 1 0 2 36
438 0 0 1 438 53 4 0 2 57
484 0 0 1 484 28 3 0 2 31
359 0 0 1 359 30 5 0 2 35
409 0 0 1 409 54 10 0 2 64
435 0 0 1 435 35 4 0 2 39
467 0 0 1 467 18 2 0 2 20
414 0 0 1 414 36 0 0 1 36
453 0 0 1 453 30 2 0 2 32
412 0 0 1 412 48 0 0 1 48
430 0 0 1 430 43 14 0 2 57
446 0 0 1 446 37 0 1 3 38
428 0 0 1 428 45 7 0 2 52
461 0 0 1 461 16 3 0 2 19
438 0 0 1 438 44 12 0 2 56
383 0 0 1 383 52 12 0 2 64
419 0 0 1 419 26 2 0 2 28
409 0 0 1 409 78 15 0 2 93
440 0 0 1 440 28 4 0 2 32
380 0 0 1 380 78 18 0 2 96
426 0 0 1 426 93 4 0 2 97
424 0 0 1 424 71 25 0 2 96
485 0 0 1 485 36 5 0 2 41
441 0 0 1 441 65 13 0 2 78
420 0 0 1 420 37 6 1 3 44
392 0 0 1 392 36 2 0 2 38
414 0 0 1 414 98 3 0 2 101
456 0 0 1 456 17 1 0 2 18
422 0 0 1 422 33 3 1 3 37
402 0 0 1 402 26 3 0 2 29
408 0 0 1 408 79 14 0 2 93
458 0 0 1 458 86 10 0 2 96
373 0 0 1 373 86 14 0 2 100
521 0 0 1 521 23 6 0 2 29
424 0 0 1 424 21 4 0 2 25
381 0 0 1 381 44 4 0 2 48
411 0 0 1 411 63 8 0 2 71
439 0 0 1 439 37 4 0 2 41
456 0 0 1 456 47 11 0 2 58
439 0 0 1 439 42 2 0 2 44
424 0 0 1 424 42 7 1 3 50
396 0 0 1 396 64 5 0 2 69
458 0 0 1 458 21 3 0 2 24
497 0 0 1 497 29 6 0 2 35
517 0 0 1 517 16 2 0 2 18
424 0 0 1 424 80 7 0 2 87
440 0 0 1 440 49 3 0 2 52
352 0 0 1 352 126 17 0 2 143
378 0 0 1 378 47 6 0 2 53
421 0 0 1 421 18 1 0 2 19
369 0 0 1 369 59 9 0 2 68
426 0 0 1 426 80 12 0 2 92
422 0 0 1 422 46 3 0 2 49
463 0 0 1 463 27 1 0 2 28
404 0 0 1 404 19 2 0 2 21
500 0 0 1 500 22 1 0 2 23
412 0 0 1 412 49 3 0 2 52
367 0 0 1 367 83 20 0 2 103
479 0 0 1 479 32 3 0 2 35
486 0 0 1 486 16 2 0 2 18
419 0 0 1 419 47 0 0 1 47
381 0 0 1 381 80 7 0 2 87
419 0 0 1 419 28 7 0 2 35
381 0 0 1 381 116 21 0 2 137
422 0 0 1 422 82 7 0 2 89
408 0 0 1 408 51 4 0 2 55
489 0 0 1 489 28 2 0 2 30
389 0 0 1 389 52 13 0 2 65
445 0 0 1 445 27 3 0 2 30
465 0 0 1 465 34 2 0 2 36
484 0 0 1 484 17 2 0 2 19
432 0 0 1 432 39 4 1 3 44
445 0 0 1 445 36 5 1 3 42
473 0 0 1 473 21 0 0 1 21
395 0 0 1 395 24 5 0 2 29
441 0 0 1 441 53 8 0 2 61
450 0 0 1 450 41 0 0 1 41
439 0 0 1 439 21 2 0 2 23
415 0 0 1 415 39 2 0 2 41
