417 0 0 1 417 44 13 10 6 67
357 0 0 1 357 119 31 21 13 171
380 0 0 1 380 45 11 8 12 64
386 0 0 1 386 57 5 12 8 74
367 0 0 1 367 88 33 16 8 137
393 0 0 1 393 103 47 52 15 202
404 0 0 1 404 31 8 7 7 46
415 0 0 1 415 68 13 17 8 98
416 0 0 1 416 33 6 8 4 47
357 0 0 1 357 83 21 17 11 121
450 0 0 1 450 42 11 15 13 68
453 0 0 1 453 38 7 6 7 51
430 0 0 1 430 31 17 5 6 53
424 0 0 1 424 42 11 10 11 63
430 0 0 1 430 58 14 8 10 80
425 0 0 1 425 38 15 8 5 61
388 0 0 1 388 52 9 15 11 76
385 0 0 1 385 108 28 29 17 165
405 0 0 1 405 43 6 7 12 56
404 0 0 1 404 67 21 15 11 103
372 0 0 1 372 70 16 11 6 97
403 0 0 1 403 34 6 7 5 47
381 0 0 1 381 61 16 11 18 88
384 0 0 1 384 49 17 14 7 80
422 0 0 1 422 41 11 7 6 59
433 0 0 1 433 34 9 1 3 44
351 0 0 1 351 104 36 19 24 159
438 0 0 1 438 34 11 3 8 48
416 0 0 1 416 49 10 13 16 72
442 0 0 1 442 43 9 7 4 59
414 0 0 1 414 39 11 6 20 56
412 0 0 1 412 32 8 9 11 49
425 0 0 1 425 39 4 6 4 49
414 0 0 1 414 53 15 12 19 80
419 0 0 1 419 50 13 11 12 74
433 0 0 1 433 41 12 11 6 64
401 0 0 1 401 54 10 9 5 73
439 0 0 1 439 28 6 7 9 41
378 0 0 1 378 60 15 13 19 88
381 0 0 1 381 69 11 16 17 96
423 0 0 1 423 31 11 11 11 53
415 0 0 1 415 111 28 17 19 156
410 0 0 1 410 33 11 12 18 56
389 0 0 1 389 41 13 6 7 60
437 0 0 1 437 34 10 9 12 53
364 0 0 1 364 82 28 15 12 125
365 0 0 1 365 91 20 20 18 131
364 0 0 1 364 87 20 20 18 127
436 0 0 1 436 52 6 12 6 70
390 0 0 1 390 62 22 9 10 93
426 0 0 1 426 38 12 5 19 55
399 0 0 1 399 134 38 51 21 223
389 0 0 1 389 50 12 13 8 75
410 0 0 1 410 48 13 13 8 74
408 0 0 1 408 62 19 9 10 90
406 0 0 1 406 49 11 11 9 71
336 0 0 1 336 56 20 15 8 91
398 0 0 1 398 53 10 15 7 78
406 0 0 1 406 65 12 17 17 94
428 0 0 1 428 46 12 8 10 66
435 0 0 1 435 43 13 13 12 69
415 0 0 1 415 44 12 10 15 66
457 0 0 1 457 25 12 9 5 46
403 0 0 1 403 57 16 18 8 91
416 0 0 1 416 41 6 10 13 57
405 0 0 1 405 75 14 16 26 105
385 0 0 1 385 73 9 14 15 96
394 0 0 1 394 60 28 10 13 98
407 0 0 1 407 53 11 12 14 76
385 0 0 1 385 56 15 12 8 83
432 0 0 1 432 29 10 10 4 49
427 0 0 1 427 48 14 18 11 80
412 0 0 1 412 57 8 9 10 74
401 0 0 1 401 74 15 13 11 102
394 0 0 1 394 85 13 17 22 115
379 0 0 1 379 66 21 13 9 100
378 0 0 1 378 101 27 12 10 140
405 0 0 1 405 29 5 16 19 50
393 0 0 1 393 60 26 19 11 105
443 0 0 1 443 38 4 5 5 47
396 0 0 1 396 53 13 5 3 71
427 0 0 1 427 33 8 4 5 45
387 0 0 1 387 53 13 17 9 83
378 0 0 1 378 69 15 10 8 94
432 0 0 1 432 39 14 5 6 58
412 0 0 1 412 41 16 7 5 64
436 0 0 1 436 46 10 12 11 68
419 0 0 1 419 43 10 14 21 67
426 0 0 1 426 41 7 8 14 56
410 0 0 1 410 57 12 11 9 80
444 0 0 1 444 36 12 7 14 55
352 0 0 1 352 68 16 17 7 101
432 0 0 1 432 66 9 8 7 83
396 0 0 1 396 42 16 14 15 72
399 0 0 1 399 82 13 11 11 106
402 0 0 1 402 34 4 9 13 47
405 0 0 1 405 77 24 21 19 122
389 0 0 1 389 82 18 17 10 117
411 0 0 1 411 47 16 6 21 69
439 0 0 1 439 25 10 6 6 41
368 0 0 1 368 66 13 17 11 96
433 0 0 1 433 49 6 9 8 64
399 0 0 1 399 80 15 12 6 107
424 0 0 1 424 28 6 13 8 47
381 0 0 1 381 57 11 8 9 76
382 0 0 1 382 54 15 13 12 82
383 0 0 1 383 104 34 22 13 160
443 0 0 1 443 41 16 8 13 65
425 0 0 1 425 37 5 2 17 44
382 0 0 1 382 97 22 21 11 140
398 0 0 1 398 52 11 10 8 73
370 0 0 1 370 56 13 6 9 75
408 0 0 1 408 48 11 10 11 69
414 0 0 1 414 54 12 7 5 73
397 0 0 1 397 47 16 14 11 77
398 0 0 1 398 63 19 9 10 91
376 0 0 1 376 119 34 26 23 179
384 0 0 1 384 58 12 10 16 80
418 0 0 1 418 41 4 10 14 55
420 0 0 1 420 57 17 17 11 91
381 0 0 1 381 71 12 8 23 91
363 0 0 1 363 64 17 13 17 94
425 0 0 1 425 50 14 12 6 76
397 0 0 1 397 46 9 13 22 68
406 0 0 1 406 34 12 9 7 55
398 0 0 1 398 49 8 13 5 70
456 0 0 1 456 38 13 10 11 61
381 0 0 1 381 75 16 10 7 101
365 0 0 1 365 114 16 18 12 148
456 0 0 1 456 44 18 7 15 69
438 0 0 1 438 38 10 10 8 58
402 0 0 1 402 36 13 14 6 63
442 0 0 1 442 39 8 8 11 55
410 0 0 1 410 46 10 10 22 66
435 0 0 1 435 41 5 6 4 52
385 0 0 1 385 75 13 19 13 107
430 0 0 1 430 32 14 9 10 55
458 0 0 1 458 42 8 6 6 56
412 0 0 1 412 55 8 8 18 71
408 0 0 1 408 67 15 15 17 97
361 0 0 1 361 94 15 20 11 129
398 0 0 1 398 54 16 14 15 84
454 0 0 1 454 44 8 5 27 57
478 0 0 1 478 29 9 3 6 41
448 0 0 1 448 35 17 5 7 57
374 0 0 1 374 119 23 28 13 170
431 0 0 1 431 31 9 12 8 52
375 0 0 1 375 64 18 9 6 91
416 0 0 1 416 91 16 24 11 131
419 0 0 1 419 54 15 14 10 83
376 0 0 1 376 81 29 25 15 135
384 0 0 1 384 87 16 23 15 126
431 0 0 1 431 41 15 8 18 64
377 0 0 1 377 78 16 12 12 106
385 0 0 1 385 54 14 9 12 77
422 0 0 1 422 50 3 4 15 57
421 0 0 1 421 37 4 15 13 56
441 0 0 1 441 42 8 8 8 58
432 0 0 1 432 44 10 8 5 62
446 0 0 1 446 34 10 11 15 55
405 0 0 1 405 33 8 8 11 49
397 0 0 1 397 44 8 4 10 56
452 0 0 1 452 37 6 9 13 52
395 0 0 1 395 47 7 10 7 64
443 0 0 1 443 40 10 14 9 64
408 0 0 1 408 107 26 29 11 162
403 0 0 1 403 36 5 5 14 46
409 0 0 1 409 50 9 15 7 74
360 0 0 1 360 88 16 27 23 131
400 0 0 1 400 65 10 11 22 86
382 0 0 1 382 90 25 19 21 134
433 0 0 1 433 44 9 4 6 57
388 0 0 1 388 47 10 11 13 68
427 0 0 1 427 25 9 11 5 45
434 0 0 1 434 39 10 9 13 58
383 0 0 1 383 84 19 18 13 121
382 0 0 1 382 72 14 22 15 108
420 0 0 1 420 44 6 8 5 58
410 0 0 1 410 42 10 6 7 58
419 0 0 1 419 33 13 13 9 59
391 0 0 1 391 43 10 13 13 66
391 0 0 1 391 51 22 14 8 87
440 0 0 1 440 28 9 9 13 46
433 0 0 1 433 30 9 5 4 44
419 0 0 1 419 41 7 14 7 62
440 0 0 1 440 29 4 10 6 43
394 0 0 1 394 60 21 9 6 90
411 0 0 1 411 44 14 17 11 75
366 0 0 1 366 40 13 8 27 61
383 0 0 1 383 65 8 13 10 86
418 0 0 1 418 48 11 13 10 72
373 0 0 1 373 88 16 29 8 133
458 0 0 1 458 38 10 14 7 62
381 0 0 1 381 121 38 26 13 185
445 0 0 1 445 41 6 7 13 54
375 0 0 1 375 40 10 9 5 59
371 0 0 1 371 68 18 13 19 99
374 0 0 1 374 61 8 5 4 74
410 0 0 1 410 80 15 13 7 108
348 0 0 1 348 83 19 16 9 118
410 0 0 1 410 75 31 23 12 129
402 0 0 1 402 61 11 20 9 92
418 0 0 1 418 37 8 16 17 61
376 0 0 1 376 73 11 24 14 108
399 0 0 1 399 52 9 12 6 73
461 0 0 1 461 44 4 3 7 51
428 0 0 1 428 28 5 12 16 45
432 0 0 1 432 37 6 10 8 53
417 0 0 1 417 55 9 8 7 72
458 0 0 1 458 31 8 12 10 51
377 0 0 1 377 68 28 29 15 125
417 0 0 1 417 54 12 14 24 80
445 0 0 1 445 43 12 7 8 62
444 0 0 1 444 41 14 6 32 61
432 0 0 1 432 33 14 9 10 56
411 0 0 1 411 50 10 11 4 71
391 0 0 1 391 58 10 14 14 82
386 0 0 1 386 61 14 8 7 83
437 0 0 1 437 37 10 9 8 56
436 0 0 1 436 37 9 11 5 57
386 0 0 1 386 50 6 9 7 65
362 0 0 1 362 94 29 24 9 147
424 0 0 1 424 46 9 10 22 65
429 0 0 1 429 37 13 3 7 53
432 0 0 1 432 53 5 20 27 78
411 0 0 1 411 45 5 6 5 56
363 0 0 1 363 60 18 12 10 90
390 0 0 1 390 67 14 15 9 96
427 0 0 1 427 50 13 11 14 74
401 0 0 1 401 48 7 7 9 62
438 0 0 1 438 53 10 7 7 70
378 0 0 1 378 84 18 24 23 126
435 0 0 1 435 35 14 6 7 55
379 0 0 1 379 88 53 64 17 205
380 0 0 1 380 63 17 10 9 90
425 0 0 1 425 36 14 14 10 64
353 0 0 1 353 91 26 22 10 139
394 0 0 1 394 104 36 25 19 165
426 0 0 1 426 37 15 10 11 62
418 0 0 1 418 45 13 8 6 66
403 0 0 1 403 62 15 18 16 95
410 0 0 1 410 51 11 6 29 68
353 0 0 1 353 107 30 19 24 156
360 0 0 1 360 71 21 14 4 106
443 0 0 1 443 39 5 8 14 52
458 0 0 1 458 64 11 14 10 89
416 0 0 1 416 71 16 13 10 100
404 0 0 1 404 109 21 16 18 146
417 0 0 1 417 45 16 12 7 73
372 0 0 1 372 52 11 9 14 72
460 0 0 1 460 35 4 7 8 46
399 0 0 1 399 30 8 13 21 51
394 0 0 1 394 60 21 15 10 96
417 0 0 1 417 37 13 6 5 56
409 0 0 1 409 43 10 11 8 64
393 0 0 1 393 74 15 12 11 101
443 0 0 1 443 35 10 6 9 51
373 0 0 1 373 127 32 21 13 180
374 0 0 1 374 46 14 9 8 69
462 0 0 1 462 42 7 7 4 56
391 0 0 1 391 55 13 13 10 81
425 0 0 1 425 34 12 9 16 55
419 0 0 1 419 35 10 11 15 56
394 0 0 1 394 65 20 21 18 106
416 0 0 1 416 46 6 13 12 65
427 0 0 1 427 41 17 5 12 63
403 0 0 1 403 44 14 11 8 69
376 0 0 1 376 104 46 51 24 201
423 0 0 1 423 42 10 11 9 63
445 0 0 1 445 34 8 9 10 51
355 0 0 1 355 96 23 19 24 138
386 0 0 1 386 75 13 19 20 107
413 0 0 1 413 48 13 10 8 71
375 0 0 1 375 74 17 9 14 100
374 0 0 1 374 88 26 14 13 128
349 0 0 1 349 87 32 24 14 143
421 0 0 1 421 63 14 18 11 95
429 0 0 1 429 44 9 7 7 60
403 0 0 1 403 126 44 49 25 219
358 0 0 1 358 108 23 25 16 156
403 0 0 1 403 36 8 8 9 52
422 0 0 1 422 39 12 19 6 70
395 0 0 1 395 78 23 13 7 114
431 0 0 1 431 50 10 11 30 71
380 0 0 1 380 91 34 23 12 148
419 0 0 1 419 35 5 11 10 51
406 0 0 1 406 53 19 12 6 84
443 0 0 1 443 32 7 3 6 42
397 0 0 1 397 70 19 21 14 110
442 0 0 1 442 35 11 5 5 51
386 0 0 1 386 115 20 17 11 152
399 0 0 1 399 55 8 8 8 71
414 0 0 1 414 38 12 8 11 58
444 0 0 1 444 30 11 9 6 50
422 0 0 1 422 46 4 13 25 63
455 0 0 1 455 44 16 12 17 72
416 0 0 1 416 32 7 15 7 54
431 0 0 1 431 46 11 5 8 62
381 0 0 1 381 79 19 10 24 108
430 0 0 1 430 47 7 13 9 67
409 0 0 1 409 59 14 15 10 88
395 0 0 1 395 47 9 8 12 64
410 0 0 1 410 50 8 8 7 66
426 0 0 1 426 28 9 8 5 45
433 0 0 1 433 39 10 13 7 62
425 0 0 1 425 50 3 8 7 61
407 0 0 1 407 34 5 7 6 46
433 0 0 1 433 40 2 10 11 52
375 0 0 1 375 68 13 8 7 89
434 0 0 1 434 36 9 8 17 53
400 0 0 1 400 100 14 21 11 135
390 0 0 1 390 46 10 7 12 63
385 0 0 1 385 70 15 8 8 93
378 0 0 1 378 66 20 16 20 102
387 0 0 1 387 99 22 24 14 145
377 0 0 1 377 85 19 16 7 120
371 0 0 1 371 72 17 11 17 100
355 0 0 1 355 68 13 16 8 97
434 0 0 1 434 41 9 10 7 60
396 0 0 1 396 110 26 24 7 160
399 0 0 1 399 70 16 15 10 101
418 0 0 1 418 49 12 11 11 72
403 0 0 1 403 57 14 11 10 82
388 0 0 1 388 66 18 12 20 96
437 0 0 1 437 54 7 9 29 70
388 0 0 1 388 60 21 10 23 91
437 0 0 1 437 33 7 7 5 47
443 0 0 1 443 29 9 4 3 42
395 0 0 1 395 102 49 42 24 193
379 0 0 1 379 125 55 56 23 236
418 0 0 1 418 48 7 15 9 70
444 0 0 1 444 30 12 9 5 51
428 0 0 1 428 55 15 17 8 87
430 0 0 1 430 41 12 8 9 61
368 0 0 1 368 63 14 15 14 92
378 0 0 1 378 112 32 23 11 167
397 0 0 1 397 43 17 11 13 71
433 0 0 1 433 34 17 6 5 57
400 0 0 1 400 65 21 14 14 100
396 0 0 1 396 44 15 13 12 72
396 0 0 1 396 47 14 7 6 68
401 0 0 1 401 53 18 13 8 84
373 0 0 1 373 121 38 23 10 182
457 0 0 1 457 37 11 4 6 52
419 0 0 1 419 46 8 10 7 64
418 0 0 1 418 28 5 11 12 44
372 0 0 1 372 74 19 18 8 111
439 0 0 1 439 48 5 9 12 62
433 0 0 1 433 41 10 7 7 58
391 0 0 1 391 77 17 13 13 107
392 0 0 1 392 64 17 14 27 95
374 0 0 1 374 62 12 24 17 98
408 0 0 1 408 44 7 5 5 56
412 0 0 1 412 49 13 9 13 71
428 0 0 1 428 37 9 7 7 53
368 0 0 1 368 95 22 17 16 134
439 0 0 1 439 36 10 5 14 51
443 0 0 1 443 46 10 13 14 69
368 0 0 1 368 73 15 12 11 100
450 0 0 1 450 46 8 11 13 65
434 0 0 1 434 53 8 5 8 66
407 0 0 1 407 44 7 4 8 55
438 0 0 1 438 46 9 7 14 62
418 0 0 1 418 29 10 12 11 51
391 0 0 1 391 43 13 14 23 70
401 0 0 1 401 48 15 13 17 76
416 0 0 1 416 47 9 19 20 75
443 0 0 1 443 33 10 12 13 55
382 0 0 1 382 85 17 19 12 121
449 0 0 1 449 38 6 7 11 51
418 0 0 1 418 62 22 13 8 97
423 0 0 1 423 34 18 16 16 68
447 0 0 1 447 45 15 10 7 70
422 0 0 1 422 41 11 7 5 59
377 0 0 1 377 86 18 16 11 120
352 0 0 1 352 108 23 22 15 153
362 0 0 1 362 108 16 16 8 140
399 0 0 1 399 81 14 19 9 114
454 0 0 1 454 47 15 12 20 74
405 0 0 1 405 52 11 13 15 76
453 0 0 1 453 38 9 7 6 54
446 0 0 1 446 23 11 3 6 37
437 0 0 1 437 37 10 6 4 53
430 0 0 1 430 40 5 9 7 54
394 0 0 1 394 99 20 19 14 138
417 0 0 1 417 52 13 10 7 75
429 0 0 1 429 50 10 13 6 73
408 0 0 1 408 36 9 4 6 49
427 0 0 1 427 41 4 8 14 53
401 0 0 1 401 54 13 6 5 73
383 0 0 1 383 71 15 16 15 102
406 0 0 1 406 46 10 10 8 66
459 0 0 1 459 34 7 7 19 48
445 0 0 1 445 38 11 9 13 58
395 0 0 1 395 65 17 17 6 99
418 0 0 1 418 97 21 27 12 145
405 0 0 1 405 48 15 9 16 72
415 0 0 1 415 54 13 11 10 78
401 0 0 1 401 89 21 13 10 123
465 0 0 1 465 40 6 11 6 57
418 0 0 1 418 44 9 17 8 70
390 0 0 1 390 50 13 10 6 73
402 0 0 1 402 48 11 15 8 74
428 0 0 1 428 45 7 15 10 67
378 0 0 1 378 89 17 11 6 117
410 0 0 1 410 63 20 16 9 99
464 0 0 1 464 23 8 11 7 42
405 0 0 1 405 106 48 47 26 201
379 0 0 1 379 93 20 19 8 132
392 0 0 1 392 51 14 14 14 79
393 0 0 1 393 63 11 12 12 86
419 0 0 1 419 39 17 15 18 71
457 0 0 1 457 31 1 11 5 43
382 0 0 1 382 60 14 14 17 88
354 0 0 1 354 82 17 23 11 122
425 0 0 1 425 46 9 9 12 64
404 0 0 1 404 47 8 15 17 70
401 0 0 1 401 47 6 6 6 59
382 0 0 1 382 65 9 12 19 86
382 0 0 1 382 70 15 15 13 100
424 0 0 1 424 42 9 10 14 61
383 0 0 1 383 83 24 18 14 125
377 0 0 1 377 65 16 16 12 97
364 0 0 1 364 46 6 6 6 58
396 0 0 1 396 63 19 18 12 100
413 0 0 1 413 41 11 16 11 68
385 0 0 1 385 107 20 14 18 141
397 0 0 1 397 119 35 28 13 182
447 0 0 1 447 36 10 6 9 52
406 0 0 1 406 51 9 7 6 67
414 0 0 1 414 45 12 9 11 66
438 0 0 1 438 42 10 11 8 63
439 0 0 1 439 43 14 7 5 64
392 0 0 1 392 72 27 17 13 116
373 0 0 1 373 105 55 34 14 194
430 0 0 1 430 35 7 11 10 53
418 0 0 1 418 41 10 10 9 61
354 0 0 1 354 45 16 15 19 76
366 0 0 1 366 64 15 14 20 93
430 0 0 1 430 50 7 7 11 64
403 0 0 1 403 47 7 6 15 60
403 0 0 1 403 78 25 27 7 130
421 0 0 1 421 46 13 11 9 70
432 0 0 1 432 34 14 4 8 52
393 0 0 1 393 93 16 15 8 124
393 0 0 1 393 106 27 33 20 166
395 0 0 1 395 109 15 30 15 154
343 0 0 1 343 84 23 19 13 126
448 0 0 1 448 38 11 4 7 53
397 0 0 1 397 68 11 8 18 87
462 0 0 1 462 45 7 8 18 60
369 0 0 1 369 86 20 15 7 121
457 0 0 1 457 41 12 8 10 61
372 0 0 1 372 93 51 40 13 184
361 0 0 1 361 94 30 24 9 148
430 0 0 1 430 34 10 10 5 54
382 0 0 1 382 74 20 15 11 109
437 0 0 1 437 48 11 9 10 68
426 0 0 1 426 48 13 6 7 67
393 0 0 1 393 100 50 50 18 200
398 0 0 1 398 84 21 19 11 124
375 0 0 1 375 89 16 23 14 128
403 0 0 1 403 41 7 12 7 60
370 0 0 1 370 122 24 22 7 168
458 0 0 1 458 36 5 7 7 48
397 0 0 1 397 51 7 15 10 73
409 0 0 1 409 64 18 11 23 93
415 0 0 1 415 49 9 12 11 70
390 0 0 1 390 91 23 18 10 132
402 0 0 1 402 94 31 26 11 151
411 0 0 1 411 60 18 12 9 90
435 0 0 1 435 40 9 5 18 54
392 0 0 1 392 113 43 39 20 195
407 0 0 1 407 65 14 8 9 87
361 0 0 1 361 68 16 15 7 99
406 0 0 1 406 123 45 39 12 207
369 0 0 1 369 51 18 13 15 82
440 0 0 1 440 33 6 3 5 42
369 0 0 1 369 102 25 29 19 156
397 0 0 1 397 43 12 11 7 66
434 0 0 1 434 24 8 3 4 35
425 0 0 1 425 39 17 4 4 60
406 0 0 1 406 48 14 8 12 70
431 0 0 1 431 47 13 9 9 69
414 0 0 1 414 53 9 15 5 77
427 0 0 1 427 37 14 15 14 66
389 0 0 1 389 106 35 32 28 173
447 0 0 1 447 38 10 6 5 54
434 0 0 1 434 45 12 7 8 64
445 0 0 1 445 30 9 11 11 50
414 0 0 1 414 51 14 11 7 76
378 0 0 1 378 106 19 10 6 135
407 0 0 1 407 46 15 8 4 69
400 0 0 1 400 68 14 17 17 99
419 0 0 1 419 50 12 5 5 67
409 0 0 1 409 41 6 20 10 67
433 0 0 1 433 46 16 10 11 72
390 0 0 1 390 45 14 6 15 65
396 0 0 1 396 77 21 20 9 118
416 0 0 1 416 48 10 8 9 66
378 0 0 1 378 59 20 11 13 90
407 0 0 1 407 84 18 20 10 122
400 0 0 1 400 54 15 19 20 88
462 0 0 1 462 32 5 10 14 47
459 0 0 1 459 38 11 8 7 57
400 0 0 1 400 57 13 13 13 83
398 0 0 1 398 61 13 7 6 81
396 0 0 1 396 47 26 18 16 91
394 0 0 1 394 50 14 8 5 72
398 0 0 1 398 66 15 15 7 96
394 0 0 1 394 57 12 14 9 83
395 0 0 1 395 47 12 11 6 70
458 0 0 1 458 32 9 15 10 56
408 0 0 1 408 34 9 8 6 51
350 0 0 1 350 76 29 29 11 134
405 0 0 1 405 84 17 16 9 117
357 0 0 1 357 77 24 18 10 119
429 0 0 1 429 40 14 15 7 69
409 0 0 1 409 38 11 11 16 60
420 0 0 1 420 38 8 11 7 57
379 0 0 1 379 116 58 45 28 219
460 0 0 1 460 24 7 12 9 43
434 0 0 1 434 36 9 11 9 56
372 0 0 1 372 71 18 16 15 105
410 0 0 1 410 43 12 9 18 64
376 0 0 1 376 57 21 9 22 87
384 0 0 1 384 118 35 42 11 195
383 0 0 1 383 96 35 34 8 165
428 0 0 1 428 42 12 13 13 67
384 0 0 1 384 72 14 22 16 108
400 0 0 1 400 48 16 14 15 78
395 0 0 1 395 60 12 10 13 82
387 0 0 1 387 43 14 15 14 72
387 0 0 1 387 49 14 7 5 70
379 0 0 1 379 92 22 20 14 134
418 0 0 1 418 31 11 4 7 46
424 0 0 1 424 36 12 10 18 58
422 0 0 1 422 38 10 4 9 52
438 0 0 1 438 54 5 9 7 68
438 0 0 1 438 38 9 10 6 57
376 0 0 1 376 59 5 15 10 79
403 0 0 1 403 58 7 9 18 74
404 0 0 1 404 70 21 21 22 112
429 0 0 1 429 46 11 13 19 70
422 0 0 1 422 43 8 10 12 61
384 0 0 1 384 76 18 10 5 104
385 0 0 1 385 56 20 13 12 89
406 0 0 1 406 41 21 20 14 82
463 0 0 1 463 37 17 8 8 62
462 0 0 1 462 40 10 2 9 52
401 0 0 1 401 51 10 14 10 75
431 0 0 1 431 26 8 13 7 47
401 0 0 1 401 39 10 6 11 55
450 0 0 1 450 36 9 5 8 50
445 0 0 1 445 50 10 6 12 66
382 0 0 1 382 61 22 20 25 103
350 0 0 1 350 83 18 17 21 118
400 0 0 1 400 100 35 32 24 167
372 0 0 1 372 119 26 23 22 168
428 0 0 1 428 45 11 7 21 63
384 0 0 1 384 55 17 17 13 89
417 0 0 1 417 43 7 13 12 63
399 0 0 1 399 59 9 11 16 79
390 0 0 1 390 67 13 8 14 88
380 0 0 1 380 79 25 21 20 125
417 0 0 1 417 38 3 11 14 52
454 0 0 1 454 34 8 6 8 48
398 0 0 1 398 66 15 14 9 95
438 0 0 1 438 42 8 7 12 57
397 0 0 1 397 72 14 19 11 105
422 0 0 1 422 45 8 10 16 63
460 0 0 1 460 51 12 9 19 72
370 0 0 1 370 88 26 16 11 130
425 0 0 1 425 34 7 10 14 51
398 0 0 1 398 66 24 12 7 102
454 0 0 1 454 48 13 12 9 73
396 0 0 1 396 41 15 14 11 70
387 0 0 1 387 93 28 26 13 147
401 0 0 1 401 54 11 5 8 70
443 0 0 1 443 46 11 4 14 61
415 0 0 1 415 79 25 16 18 120
410 0 0 1 410 45 12 9 10 66
421 0 0 1 421 105 27 17 11 149
456 0 0 1 456 35 9 7 5 51
419 0 0 1 419 35 15 10 12 60
447 0 0 1 447 40 12 8 5 60
434 0 0 1 434 35 12 3 4 50
374 0 0 1 374 121 34 27 19 182
429 0 0 1 429 46 15 10 12 71
362 0 0 1 362 65 21 14 10 100
431 0 0 1 431 47 11 8 5 66
410 0 0 1 410 46 15 12 8 73
402 0 0 1 402 58 15 8 6 81
396 0 0 1 396 52 11 17 14 80
398 0 0 1 398 35 5 9 12 49
453 0 0 1 453 43 6 14 20 63
445 0 0 1 445 52 14 12 6 78
409 0 0 1 409 45 9 11 18 65
426 0 0 1 426 36 8 8 9 52
403 0 0 1 403 64 12 11 8 87
396 0 0 1 396 56 9 14 7 79
440 0 0 1 440 55 7 13 11 75
438 0 0 1 438 46 8 4 3 58
399 0 0 1 399 49 10 12 5 71
390 0 0 1 390 44 13 16 16 73
423 0 0 1 423 45 9 9 9 63
412 0 0 1 412 51 11 15 11 77
397 0 0 1 397 104 47 35 10 186
375 0 0 1 375 92 25 18 9 135
435 0 0 1 435 34 9 4 5 47
428 0 0 1 428 52 10 11 13 73
453 0 0 1 453 35 13 8 16 56
424 0 0 1 424 34 11 9 11 54
456 0 0 1 456 30 3 11 9 44
384 0 0 1 384 64 21 9 6 94
417 0 0 1 417 32 13 8 10 53
372 0 0 1 372 77 15 15 14 107
409 0 0 1 409 41 12 11 8 64
421 0 0 1 421 47 10 8 16 65
428 0 0 1 428 28 12 6 10 46
405 0 0 1 405 41 7 8 13 56
441 0 0 1 441 37 10 7 7 54
363 0 0 1 363 95 22 20 9 137
451 0 0 1 451 54 10 7 9 71
444 0 0 1 444 44 7 6 12 57
424 0 0 1 424 35 5 7 14 47
367 0 0 1 367 101 36 23 17 160
431 0 0 1 431 29 7 11 12 47
417 0 0 1 417 30 8 11 12 49
442 0 0 1 442 38 7 6 7 51
398 0 0 1 398 63 22 12 15 97
396 0 0 1 396 105 28 24 13 157
369 0 0 1 369 68 16 10 7 94
412 0 0 1 412 59 13 12 11 84
364 0 0 1 364 53 13 11 7 77
438 0 0 1 438 39 7 9 15 55
425 0 0 1 425 43 9 9 14 61
403 0 0 1 403 32 9 15 8 56
418 0 0 1 418 53 11 11 12 75
408 0 0 1 408 38 12 10 10 60
380 0 0 1 380 75 11 13 8 99
410 0 0 1 410 51 15 5 4 71
358 0 0 1 358 93 16 16 17 125
412 0 0 1 412 61 10 16 9 87
402 0 0 1 402 50 10 11 11 71
369 0 0 1 369 54 15 5 10 74
433 0 0 1 433 50 6 7 5 63
419 0 0 1 419 29 13 8 10 50
409 0 0 1 409 39 12 4 16 55
414 0 0 1 414 34 9 7 10 50
395 0 0 1 395 111 26 21 7 158
446 0 0 1 446 42 8 12 13 62
439 0 0 1 439 36 10 9 4 55
353 0 0 1 353 82 18 21 17 121
366 0 0 1 366 72 46 34 11 152
442 0 0 1 442 44 11 8 5 63
426 0 0 1 426 38 10 8 7 56
396 0 0 1 396 43 13 11 8 67
420 0 0 1 420 53 11 12 8 76
409 0 0 1 409 62 10 7 8 79
375 0 0 1 375 86 44 38 11 168
425 0 0 1 425 35 6 7 11 48
392 0 0 1 392 59 15 16 18 90
414 0 0 1 414 34 13 8 8 55
376 0 0 1 376 76 28 14 14 118
439 0 0 1 439 40 13 5 6 58
440 0 0 1 440 33 12 7 6 52
403 0 0 1 403 84 22 17 12 123
390 0 0 1 390 112 58 48 11 218
396 0 0 1 396 66 17 13 15 96
379 0 0 1 379 91 30 23 28 144
406 0 0 1 406 37 15 8 20 60
396 0 0 1 396 41 8 9 10 58
453 0 0 1 453 34 10 9 11 53
408 0 0 1 408 55 18 7 8 80
435 0 0 1 435 46 9 5 20 60
379 0 0 1 379 51 13 12 5 76
422 0 0 1 422 21 8 11 20 40
435 0 0 1 435 40 13 8 6 61
401 0 0 1 401 56 5 15 8 76
399 0 0 1 399 48 10 10 16 68
419 0 0 1 419 47 12 11 8 70
458 0 0 1 458 35 11 11 19 57
446 0 0 1 446 39 8 10 10 57
420 0 0 1 420 50 13 10 8 73
445 0 0 1 445 38 11 13 12 62
403 0 0 1 403 63 14 21 12 98
412 0 0 1 412 47 6 11 18 64
391 0 0 1 391 54 11 13 6 78
370 0 0 1 370 116 17 21 20 154
408 0 0 1 408 60 17 19 12 96
396 0 0 1 396 70 11 16 22 97
427 0 0 1 427 46 12 8 17 66
388 0 0 1 388 79 22 11 6 112
396 0 0 1 396 48 9 6 17 63
411 0 0 1 411 31 5 7 9 43
391 0 0 1 391 61 18 16 9 95
435 0 0 1 435 50 10 8 7 68
414 0 0 1 414 51 6 9 11 66
404 0 0 1 404 48 9 7 10 64
445 0 0 1 445 27 12 9 9 48
397 0 0 1 397 49 18 14 15 81
401 0 0 1 401 90 19 28 23 137
403 0 0 1 403 66 6 13 6 85
400 0 0 1 400 43 16 6 5 65
458 0 0 1 458 34 5 10 6 49
393 0 0 1 393 47 11 8 10 66
415 0 0 1 415 34 12 8 5 54
416 0 0 1 416 38 11 5 8 54
461 0 0 1 461 28 12 9 13 49
404 0 0 1 404 37 15 11 11 63
399 0 0 1 399 57 15 13 8 85
383 0 0 1 383 77 23 15 6 115
444 0 0 1 444 38 7 9 9 54
364 0 0 1 364 114 35 27 14 176
437 0 0 1 437 34 12 12 8 58
423 0 0 1 423 48 13 8 7 69
402 0 0 1 402 67 11 9 7 87
409 0 0 1 409 49 11 6 6 66
376 0 0 1 376 51 14 12 5 77
428 0 0 1 428 33 9 11 5 53
427 0 0 1 427 27 12 3 6 42
399 0 0 1 399 45 14 9 7 68
423 0 0 1 423 104 38 56 20 198
445 0 0 1 445 33 12 8 7 53
371 0 0 1 371 118 35 34 22 187
374 0 0 1 374 102 35 37 9 174
394 0 0 1 394 62 9 15 11 86
406 0 0 1 406 45 14 10 7 69
392 0 0 1 392 39 10 11 16 60
427 0 0 1 427 41 14 11 14 66
409 0 0 1 409 36 8 7 8 51
420 0 0 1 420 38 4 11 5 53
437 0 0 1 437 43 13 5 5 61
450 0 0 1 450 31 15 8 11 54
418 0 0 1 418 31 10 8 7 49
382 0 0 1 382 96 16 19 11 131
366 0 0 1 366 79 20 17 15 116
418 0 0 1 418 40 16 3 3 59
364 0 0 1 364 65 10 11 12 86
415 0 0 1 415 64 13 9 6 86
370 0 0 1 370 91 22 24 12 137
415 0 0 1 415 42 11 10 5 63
429 0 0 1 429 44 12 8 7 64
373 0 0 1 373 47 14 12 13 73
378 0 0 1 378 83 21 14 8 118
418 0 0 1 418 38 9 7 19 54
407 0 0 1 407 33 13 8 5 54
424 0 0 1 424 23 8 6 16 37
447 0 0 1 447 46 2 6 13 54
407 0 0 1 407 91 24 25 6 140
395 0 0 1 395 50 13 5 4 68
453 0 0 1 453 43 12 11 5 66
449 0 0 1 449 40 7 11 11 58
411 0 0 1 411 39 10 8 9 57
461 0 0 1 461 33 10 11 10 54
402 0 0 1 402 70 17 27 11 114
426 0 0 1 426 36 6 9 8 51
378 0 0 1 378 58 16 18 10 92
391 0 0 1 391 98 23 28 14 149
467 0 0 1 467 35 7 7 11 49
365 0 0 1 365 83 15 24 8 122
363 0 0 1 363 94 31 17 11 142
439 0 0 1 439 47 8 8 9 63
399 0 0 1 399 69 19 14 11 102
423 0 0 1 423 46 8 8 13 62
365 0 0 1 365 73 18 19 9 110
404 0 0 1 404 58 12 10 7 80
393 0 0 1 393 59 15 19 19 93
360 0 0 1 360 77 15 19 28 111
401 0 0 1 401 59 12 22 19 93
443 0 0 1 443 37 10 8 9 55
415 0 0 1 415 43 13 12 10 68
446 0 0 1 446 40 7 10 15 57
357 0 0 1 357 88 20 19 8 127
409 0 0 1 409 52 16 13 13 81
366 0 0 1 366 95 24 17 7 136
445 0 0 1 445 39 5 8 8 52
420 0 0 1 420 54 12 8 7 74
407 0 0 1 407 94 28 24 6 146
419 0 0 1 419 44 12 17 10 73
421 0 0 1 421 38 8 9 6 55
419 0 0 1 419 44 9 5 5 58
412 0 0 1 412 40 5 9 7 54
355 0 0 1 355 92 32 32 13 156
410 0 0 1 410 51 15 10 19 76
409 0 0 1 409 38 15 7 5 60
378 0 0 1 378 36 11 9 9 56
408 0 0 1 408 43 9 12 11 64
375 0 0 1 375 58 9 16 9 83
399 0 0 1 399 58 13 14 9 85
358 0 0 1 358 43 14 7 13 64
397 0 0 1 397 61 15 17 13 93
386 0 0 1 386 59 11 7 6 77
364 0 0 1 364 52 18 12 7 82
421 0 0 1 421 44 14 11 11 69
425 0 0 1 425 33 11 6 9 50
377 0 0 1 377 110 47 33 13 190
391 0 0 1 391 46 15 12 13 73
405 0 0 1 405 49 9 6 7 64
442 0 0 1 442 46 5 6 18 57
378 0 0 1 378 115 30 27 29 172
375 0 0 1 375 106 35 36 9 177
400 0 0 1 400 98 43 31 12 172
387 0 0 1 387 108 60 45 9 213
428 0 0 1 428 53 15 6 6 74
400 0 0 1 400 45 13 3 8 61
443 0 0 1 443 41 12 7 8 60
381 0 0 1 381 50 20 11 19 81
384 0 0 1 384 113 25 30 20 168
426 0 0 1 426 36 7 4 5 47
426 0 0 1 426 44 8 10 7 62
391 0 0 1 391 47 16 8 17 71
394 0 0 1 394 40 21 4 10 65
400 0 0 1 400 47 11 10 10 68
378 0 0 1 378 79 14 17 6 110
420 0 0 1 420 36 11 8 6 55
456 0 0 1 456 33 14 9 16 56
409 0 0 1 409 61 8 17 7 86
438 0 0 1 438 41 6 8 5 55
395 0 0 1 395 73 16 15 9 104
376 0 0 1 376 75 14 12 23 101
440 0 0 1 440 36 9 10 6 55
366 0 0 1 366 98 35 29 22 162
379 0 0 1 379 91 29 14 16 134
437 0 0 1 437 30 14 11 8 55
430 0 0 1 430 22 7 7 6 36
433 0 0 1 433 33 14 7 9 54
391 0 0 1 391 74 12 10 14 96
399 0 0 1 399 59 19 15 16 93
415 0 0 1 415 48 8 10 25 66
405 0 0 1 405 62 10 10 5 82
449 0 0 1 449 40 7 7 7 54
424 0 0 1 424 40 7 3 9 50
379 0 0 1 379 85 15 20 28 120
411 0 0 1 411 48 9 4 7 61
380 0 0 1 380 59 22 13 6 94
431 0 0 1 431 35 13 8 9 56
444 0 0 1 444 36 9 4 5 49
450 0 0 1 450 38 12 8 8 58
410 0 0 1 410 45 15 11 7 71
423 0 0 1 423 28 12 11 14 51
381 0 0 1 381 58 15 13 14 86
423 0 0 1 423 43 14 10 8 67
427 0 0 1 427 38 8 6 10 52
368 0 0 1 368 84 24 12 13 120
439 0 0 1 439 36 9 5 5 50
415 0 0 1 415 35 7 8 9 50
394 0 0 1 394 49 15 7 8 71
372 0 0 1 372 83 52 44 18 179
426 0 0 1 426 54 8 9 20 71
366 0 0 1 366 64 17 7 9 88
385 0 0 1 385 91 44 41 17 176
390 0 0 1 390 73 17 14 12 104
403 0 0 1 403 75 14 20 17 109
368 0 0 1 368 97 20 15 9 132
378 0 0 1 378 64 20 11 9 95
425 0 0 1 425 50 9 5 11 64
406 0 0 1 406 39 10 7 16 56
392 0 0 1 392 48 16 26 11 90
452 0 0 1 452 32 4 10 6 46
412 0 0 1 412 44 14 7 10 65
434 0 0 1 434 52 9 4 6 65
439 0 0 1 439 46 6 5 7 57
396 0 0 1 396 55 11 11 12 77
383 0 0 1 383 97 32 20 23 149
413 0 0 1 413 36 7 8 8 51
415 0 0 1 415 38 15 11 6 64
381 0 0 1 381 39 16 6 5 61
398 0 0 1 398 43 13 11 18 67
448 0 0 1 448 28 15 8 13 51
418 0 0 1 418 54 9 9 9 72
354 0 0 1 354 80 24 20 19 124
436 0 0 1 436 43 5 9 6 57
393 0 0 1 393 56 7 21 11 84
355 0 0 1 355 89 18 17 9 124
399 0 0 1 399 41 10 7 6 58
412 0 0 1 412 39 13 5 3 57
392 0 0 1 392 94 36 37 13 167
415 0 0 1 415 44 14 11 9 69
425 0 0 1 425 49 7 7 9 63
350 0 0 1 350 85 27 24 9 136
429 0 0 1 429 37 8 7 6 52
390 0 0 1 390 88 31 25 13 144
394 0 0 1 394 61 18 10 12 89
441 0 0 1 441 33 19 9 7 61
423 0 0 1 423 57 15 13 7 85
433 0 0 1 433 56 11 7 10 74
389 0 0 1 389 48 14 12 14 74
418 0 0 1 418 40 7 9 12 56
392 0 0 1 392 75 21 7 6 103
365 0 0 1 365 61 22 19 9 102
380 0 0 1 380 109 31 21 28 161
402 0 0 1 402 46 8 16 14 70
423 0 0 1 423 79 15 11 10 105
406 0 0 1 406 87 19 18 26 124
410 0 0 1 410 43 10 6 9 59
452 0 0 1 452 53 12 10 5 75
408 0 0 1 408 43 9 6 16 58
418 0 0 1 418 36 14 4 9 54
438 0 0 1 438 32 6 11 7 49
386 0 0 1 386 57 15 13 14 85
402 0 0 1 402 47 8 13 11 68
422 0 0 1 422 42 14 8 19 64
392 0 0 1 392 45 10 13 14 68
431 0 0 1 431 40 12 8 11 60
395 0 0 1 395 61 15 13 7 89
386 0 0 1 386 50 13 12 31 75
403 0 0 1 403 53 11 14 7 78
417 0 0 1 417 35 8 4 6 47
404 0 0 1 404 54 8 10 12 72
412 0 0 1 412 42 12 2 9 56
379 0 0 1 379 50 15 14 7 79
355 0 0 1 355 71 11 16 18 98
447 0 0 1 447 35 14 7 5 56
455 0 0 1 455 36 8 13 15 57
377 0 0 1 377 83 12 16 22 111
430 0 0 1 430 42 10 9 5 61
387 0 0 1 387 63 18 7 7 88
458 0 0 1 458 40 12 4 7 56
428 0 0 1 428 30 6 7 6 43
370 0 0 1 370 79 23 18 8 120
443 0 0 1 443 45 7 6 20 58
433 0 0 1 433 30 11 7 10 48
392 0 0 1 392 59 7 4 6 70
434 0 0 1 434 52 13 9 10 74
425 0 0 1 425 48 14 10 9 72
394 0 0 1 394 89 19 19 8 127
438 0 0 1 438 38 10 5 5 53
368 0 0 1 368 94 43 37 10 174
438 0 0 1 438 33 8 9 5 50
394 0 0 1 394 115 36 39 17 190
447 0 0 1 447 36 8 8 6 52
388 0 0 1 388 70 18 18 15 106
447 0 0 1 447 35 11 9 15 55
415 0 0 1 415 41 13 11 22 65
413 0 0 1 413 38 10 8 7 56
414 0 0 1 414 34 4 10 8 48
401 0 0 1 401 66 15 9 6 90
376 0 0 1 376 62 9 15 4 86
443 0 0 1 443 28 6 13 13 47
408 0 0 1 408 48 7 16 7 71
414 0 0 1 414 79 16 12 9 107
386 0 0 1 386 75 19 19 12 113
401 0 0 1 401 31 12 9 10 52
362 0 0 1 362 69 8 9 13 86
391 0 0 1 391 113 39 25 14 177
443 0 0 1 443 47 8 7 4 62
427 0 0 1 427 33 12 4 3 49
458 0 0 1 458 40 15 10 14 65
398 0 0 1 398 70 15 19 18 104
421 0 0 1 421 46 9 10 14 65
428 0 0 1 428 47 11 10 8 68
418 0 0 1 418 35 11 8 19 54
368 0 0 1 368 86 24 30 11 140
390 0 0 1 390 87 22 28 14 137
422 0 0 1 422 59 15 12 7 86
439 0 0 1 439 39 7 10 6 56
438 0 0 1 438 45 10 5 11 60
414 0 0 1 414 35 9 10 20 54
439 0 0 1 439 44 13 5 7 62
389 0 0 1 389 66 19 27 15 112
355 0 0 1 355 86 19 20 16 125
388 0 0 1 388 91 22 21 14 134
393 0 0 1 393 60 17 16 12 93
394 0 0 1 394 41 9 18 10 68
394 0 0 1 394 41 8 9 13 58
385 0 0 1 385 85 18 27 9 130
424 0 0 1 424 49 8 6 6 63
403 0 0 1 403 64 11 14 16 89
469 0 0 1 469 40 6 6 14 52
389 0 0 1 389 64 8 11 7 83
411 0 0 1 411 56 23 7 17 86
395 0 0 1 395 53 22 15 18 90
427 0 0 1 427 23 5 13 18 41
406 0 0 1 406 73 19 16 9 108
389 0 0 1 389 44 12 6 8 62
400 0 0 1 400 55 12 7 8 74
379 0 0 1 379 97 24 24 8 145
435 0 0 1 435 51 13 8 16 72
450 0 0 1 450 44 7 6 8 57
407 0 0 1 407 138 29 38 13 205
398 0 0 1 398 72 15 14 7 101
421 0 0 1 421 42 7 15 6 64
412 0 0 1 412 62 11 11 6 84
440 0 0 1 440 41 8 8 10 57
367 0 0 1 367 84 19 14 13 117
399 0 0 1 399 65 13 10 13 88
361 0 0 1 361 102 19 22 10 143
390 0 0 1 390 63 13 12 11 88
397 0 0 1 397 52 13 8 9 73
375 0 0 1 375 51 11 12 6 74
380 0 0 1 380 64 8 14 14 86
390 0 0 1 390 47 7 11 8 65
400 0 0 1 400 46 10 8 6 64
439 0 0 1 439 42 7 9 12 58
414 0 0 1 414 43 13 9 11 65
412 0 0 1 412 47 10 7 9 64
392 0 0 1 392 55 12 16 7 83
409 0 0 1 409 39 9 3 8 51
